Record Length,2.500000e+03,,   0.006852000000,   0.00000,
Sample Interval,4.000000e-06,,   0.006856000000,   0.00040,
Trigger Point,-1.713000000000e+03,,   0.006860000000,   0.00040,
,,,   0.006864000000,   0.00000,
,,,   0.006868000000,   0.00020,
,,,   0.006872000000,   0.00020,
Source,CH1,,   0.006876000000,   0.00020,
Vertical Units,V,,   0.006880000000,   0.00020,
Vertical Scale,5.000000e-03,,   0.006884000000,   0.00040,
Vertical Offset,-1.840000e-02,,   0.006888000000,   0.00040,
Horizontal Units,s,,   0.006892000000,   0.00020,
Horizontal Scale,1.000000e-03,,   0.006896000000,   0.00060,
Pt Fmt,Y,,   0.006900000000,   0.00040,
Yzero,0.000000e+00,,   0.006904000000,   0.00080,
Probe Atten,1.000000e+00,,   0.006908000000,   0.00080,
Firmware Version,FV:v6.08,,   0.006912000000,   0.00000,
,,,0.006916000000,   0.00040,
,,,0.006920000000,   0.00060,
,,,0.006924000000,   0.00100,
,,,0.006928000000,   0.00080,
,,,0.006932000000,   0.00060,
,,,0.006936000000,   0.00120,
,,,0.006940000000,   0.00120,
,,,0.006944000000,   0.00140,
,,,0.006948000000,   0.00260,
,,,0.006952000000,   0.00380,
,,,0.006956000000,   0.00380,
,,,0.006960000000,   0.00480,
,,,0.006964000000,   0.00600,
,,,0.006968000000,   0.00740,
,,,0.006972000000,   0.00800,
,,,0.006976000000,   0.01000,
,,,0.006980000000,   0.01040,
,,,0.006984000000,   0.01180,
,,,0.006988000000,   0.01340,
,,,0.006992000000,   0.01440,
,,,0.006996000000,   0.01660,
,,,0.007000000000,   0.01680,
,,,0.007004000000,   0.01500,
,,,0.007008000000,   0.01300,
,,,0.007012000000,   0.01080,
,,,0.007016000000,   0.00940,
,,,0.007020000000,   0.00780,
,,,0.007024000000,   0.00600,
,,,0.007028000000,   0.00560,
,,,0.007032000000,   0.00440,
,,,0.007036000000,   0.00380,
,,,0.007040000000,   0.00340,
,,,0.007044000000,   0.00300,
,,,0.007048000000,   0.00180,
,,,0.007052000000,   0.00180,
,,,0.007056000000,   0.00140,
,,,0.007060000000,   0.00080,
,,,0.007064000000,   0.00120,
,,,0.007068000000,   0.00120,
,,,0.007072000000,   0.00080,
,,,0.007076000000,   0.00080,
,,,0.007080000000,   0.00120,
,,,0.007084000000,   0.00060,
,,,0.007088000000,   0.00060,
,,,0.007092000000,  -0.00020,
,,,0.007096000000,   0.00000,
,,,0.007100000000,   0.00020,
,,,0.007104000000,   0.00100,
,,,0.007108000000,   0.00040,
,,,0.007112000000,   0.00020,
,,,0.007116000000,   0.00020,
,,,0.007120000000,   0.00000,
,,,0.007124000000,   0.00060,
,,,0.007128000000,   0.00020,
,,,0.007132000000,   0.00080,
,,,0.007136000000,   0.00060,
,,,0.007140000000,  -0.00020,
,,,0.007144000000,   0.00120,
,,,0.007148000000,   0.00020,
,,,0.007152000000,   0.00040,
,,,0.007156000000,   0.00060,
,,,0.007160000000,   0.00040,
,,,0.007164000000,   0.00020,
,,,0.007168000000,   0.00000,
,,,0.007172000000,   0.00080,
,,,0.007176000000,   0.00040,
,,,0.007180000000,  -0.00020,
,,,0.007184000000,   0.00000,
,,,0.007188000000,   0.00060,
,,,0.007192000000,   0.00040,
,,,0.007196000000,   0.00040,
,,,0.007200000000,   0.00000,
,,,0.007204000000,   0.00040,
,,,0.007208000000,   0.00000,
,,,0.007212000000,   0.00060,
,,,0.007216000000,   0.00020,
,,,0.007220000000,   0.00020,
,,,0.007224000000,   0.00080,
,,,0.007228000000,   0.00000,
,,,0.007232000000,   0.00020,
,,,0.007236000000,   0.00000,
,,,0.007240000000,   0.00020,
,,,0.007244000000,   0.00060,
,,,0.007248000000,   0.00000,
,,,0.007252000000,  -0.00020,
,,,0.007256000000,  -0.00020,
,,,0.007260000000,   0.00000,
,,,0.007264000000,   0.00020,
,,,0.007268000000,   0.00040,
,,,0.007272000000,   0.00020,
,,,0.007276000000,   0.00000,
,,,0.007280000000,   0.00080,
,,,0.007284000000,   0.00020,
,,,0.007288000000,   0.00040,
,,,0.007292000000,   0.00040,
,,,0.007296000000,   0.00040,
,,,0.007300000000,  -0.00020,
,,,0.007304000000,   0.00000,
,,,0.007308000000,   0.00060,
,,,0.007312000000,   0.00080,
,,,0.007316000000,   0.00020,
,,,0.007320000000,   0.00020,
,,,0.007324000000,   0.00020,
,,,0.007328000000,  -0.00020,
,,,0.007332000000,   0.00080,
,,,0.007336000000,   0.00000,
,,,0.007340000000,   0.00020,
,,,0.007344000000,   0.00000,
,,,0.007348000000,   0.00000,
,,,0.007352000000,   0.00080,
,,,0.007356000000,   0.00040,
,,,0.007360000000,   0.00020,
,,,0.007364000000,   0.00000,
,,,0.007368000000,   0.00000,
,,,0.007372000000,   0.00040,
,,,0.007376000000,  -0.00040,
,,,0.007380000000,  -0.00040,
,,,0.007384000000,   0.00000,
,,,0.007388000000,   0.00020,
,,,0.007392000000,   0.00040,
,,,0.007396000000,   0.00040,
,,,0.007400000000,   0.00020,
,,,0.007404000000,   0.00040,
,,,0.007408000000,   0.00000,
,,,0.007412000000,   0.00020,
,,,0.007416000000,   0.00000,
,,,0.007420000000,   0.00060,
,,,0.007424000000,   0.00040,
,,,0.007428000000,   0.00040,
,,,0.007432000000,   0.00060,
,,,0.007436000000,   0.00020,
,,,0.007440000000,   0.00060,
,,,0.007444000000,   0.00060,
,,,0.007448000000,   0.00000,
,,,0.007452000000,  -0.00020,
,,,0.007456000000,   0.00060,
,,,0.007460000000,   0.00060,
,,,0.007464000000,   0.00040,
,,,0.007468000000,   0.00020,
,,,0.007472000000,   0.00060,
,,,0.007476000000,   0.00020,
,,,0.007480000000,   0.00060,
,,,0.007484000000,   0.00020,
,,,0.007488000000,   0.00020,
,,,0.007492000000,   0.00060,
,,,0.007496000000,   0.00020,
,,,0.007500000000,   0.00020,
,,,0.007504000000,   0.00040,
,,,0.007508000000,   0.00040,
,,,0.007512000000,   0.00020,
,,,0.007516000000,   0.00080,
,,,0.007520000000,   0.00060,
,,,0.007524000000,   0.00020,
,,,0.007528000000,   0.00080,
,,,0.007532000000,   0.00060,
,,,0.007536000000,  -0.00020,
,,,0.007540000000,   0.00000,
,,,0.007544000000,   0.00060,
,,,0.007548000000,   0.00000,
,,,0.007552000000,   0.00060,
,,,0.007556000000,   0.00040,
,,,0.007560000000,   0.00020,
,,,0.007564000000,  -0.00020,
,,,0.007568000000,   0.00060,
,,,0.007572000000,   0.00040,
,,,0.007576000000,   0.00080,
,,,0.007580000000,   0.00040,
,,,0.007584000000,   0.00040,
,,,0.007588000000,   0.00060,
,,,0.007592000000,   0.00040,
,,,0.007596000000,   0.00060,
,,,0.007600000000,   0.00080,
,,,0.007604000000,   0.00060,
,,,0.007608000000,   0.00060,
,,,0.007612000000,   0.00180,
,,,0.007616000000,   0.00060,
,,,0.007620000000,   0.00160,
,,,0.007624000000,   0.00200,
,,,0.007628000000,   0.00320,
,,,0.007632000000,   0.00320,
,,,0.007636000000,   0.00420,
,,,0.007640000000,   0.00500,
,,,0.007644000000,   0.00640,
,,,0.007648000000,   0.00720,
,,,0.007652000000,   0.00800,
,,,0.007656000000,   0.00960,
,,,0.007660000000,   0.01060,
,,,0.007664000000,   0.01200,
,,,0.007668000000,   0.01360,
,,,0.007672000000,   0.01520,
,,,0.007676000000,   0.01720,
,,,0.007680000000,   0.01660,
,,,0.007684000000,   0.01500,
,,,0.007688000000,   0.01240,
,,,0.007692000000,   0.01120,
,,,0.007696000000,   0.00940,
,,,0.007700000000,   0.00740,
,,,0.007704000000,   0.00620,
,,,0.007708000000,   0.00520,
,,,0.007712000000,   0.00420,
,,,0.007716000000,   0.00320,
,,,0.007720000000,   0.00280,
,,,0.007724000000,   0.00200,
,,,0.007728000000,   0.00200,
,,,0.007732000000,   0.00180,
,,,0.007736000000,   0.00180,
,,,0.007740000000,   0.00180,
,,,0.007744000000,   0.00080,
,,,0.007748000000,   0.00100,
,,,0.007752000000,   0.00080,
,,,0.007756000000,   0.00020,
,,,0.007760000000,   0.00060,
,,,0.007764000000,   0.00100,
,,,0.007768000000,   0.00040,
,,,0.007772000000,   0.00040,
,,,0.007776000000,   0.00000,
,,,0.007780000000,   0.00060,
,,,0.007784000000,   0.00020,
,,,0.007788000000,   0.00060,
,,,0.007792000000,   0.00100,
,,,0.007796000000,   0.00080,
,,,0.007800000000,   0.00000,
,,,0.007804000000,   0.00020,
,,,0.007808000000,   0.00000,
,,,0.007812000000,   0.00040,
,,,0.007816000000,   0.00020,
,,,0.007820000000,   0.00060,
,,,0.007824000000,  -0.00040,
,,,0.007828000000,   0.00060,
,,,0.007832000000,   0.00000,
,,,0.007836000000,   0.00020,
,,,0.007840000000,   0.00020,
,,,0.007844000000,   0.00080,
,,,0.007848000000,   0.00040,
,,,0.007852000000,  -0.00040,
,,,0.007856000000,   0.00040,
,,,0.007860000000,   0.00060,
,,,0.007864000000,   0.00020,
,,,0.007868000000,  -0.00020,
,,,0.007872000000,   0.00080,
,,,0.007876000000,   0.00020,
,,,0.007880000000,   0.00060,
,,,0.007884000000,   0.00060,
,,,0.007888000000,   0.00020,
,,,0.007892000000,   0.00000,
,,,0.007896000000,  -0.00040,
,,,0.007900000000,  -0.00040,
,,,0.007904000000,   0.00040,
,,,0.007908000000,   0.00020,
,,,0.007912000000,   0.00040,
,,,0.007916000000,   0.00000,
,,,0.007920000000,   0.00040,
,,,0.007924000000,   0.00000,
,,,0.007928000000,   0.00060,
,,,0.007932000000,   0.00060,
,,,0.007936000000,   0.00060,
,,,0.007940000000,   0.00040,
,,,0.007944000000,   0.00040,
,,,0.007948000000,   0.00020,
,,,0.007952000000,   0.00020,
,,,0.007956000000,   0.00020,
,,,0.007960000000,   0.00000,
,,,0.007964000000,   0.00020,
,,,0.007968000000,   0.00040,
,,,0.007972000000,   0.00020,
,,,0.007976000000,   0.00000,
,,,0.007980000000,   0.00020,
,,,0.007984000000,   0.00020,
,,,0.007988000000,   0.00040,
,,,0.007992000000,  -0.00020,
,,,0.007996000000,   0.00040,
,,,0.008000000000,   0.00000,
,,,0.008004000000,  -0.00020,
,,,0.008008000000,   0.00080,
,,,0.008012000000,   0.00000,
,,,0.008016000000,   0.00060,
,,,0.008020000000,  -0.00020,
,,,0.008024000000,   0.00000,
,,,0.008028000000,   0.00040,
,,,0.008032000000,   0.00040,
,,,0.008036000000,   0.00020,
,,,0.008040000000,   0.00100,
,,,0.008044000000,  -0.00020,
,,,0.008048000000,   0.00040,
,,,0.008052000000,   0.00060,
,,,0.008056000000,   0.00000,
,,,0.008060000000,   0.00020,
,,,0.008064000000,  -0.00020,
,,,0.008068000000,  -0.00020,
,,,0.008072000000,   0.00000,
,,,0.008076000000,   0.00020,
,,,0.008080000000,   0.00000,
,,,0.008084000000,   0.00000,
,,,0.008088000000,   0.00020,
,,,0.008092000000,   0.00000,
,,,0.008096000000,   0.00020,
,,,0.008100000000,   0.00000,
,,,0.008104000000,   0.00020,
,,,0.008108000000,   0.00000,
,,,0.008112000000,   0.00060,
,,,0.008116000000,   0.00020,
,,,0.008120000000,   0.00060,
,,,0.008124000000,   0.00060,
,,,0.008128000000,   0.00020,
,,,0.008132000000,  -0.00020,
,,,0.008136000000,   0.00020,
,,,0.008140000000,   0.00060,
,,,0.008144000000,   0.00040,
,,,0.008148000000,   0.00040,
,,,0.008152000000,   0.00040,
,,,0.008156000000,   0.00000,
,,,0.008160000000,   0.00020,
,,,0.008164000000,   0.00000,
,,,0.008168000000,   0.00020,
,,,0.008172000000,   0.00040,
,,,0.008176000000,   0.00060,
,,,0.008180000000,   0.00060,
,,,0.008184000000,   0.00020,
,,,0.008188000000,   0.00040,
,,,0.008192000000,   0.00060,
,,,0.008196000000,   0.00060,
,,,0.008200000000,   0.00020,
,,,0.008204000000,   0.00040,
,,,0.008208000000,   0.00040,
,,,0.008212000000,   0.00040,
,,,0.008216000000,   0.00040,
,,,0.008220000000,   0.00000,
,,,0.008224000000,   0.00060,
,,,0.008228000000,   0.00000,
,,,0.008232000000,   0.00000,
,,,0.008236000000,   0.00060,
,,,0.008240000000,   0.00040,
,,,0.008244000000,   0.00020,
,,,0.008248000000,   0.00060,
,,,0.008252000000,   0.00040,
,,,0.008256000000,   0.00080,
,,,0.008260000000,   0.00020,
,,,0.008264000000,   0.00000,
,,,0.008268000000,   0.00040,
,,,0.008272000000,   0.00160,
,,,0.008276000000,   0.00120,
,,,0.008280000000,   0.00120,
,,,0.008284000000,   0.00180,
,,,0.008288000000,   0.00200,
,,,0.008292000000,   0.00320,
,,,0.008296000000,   0.00320,
,,,0.008300000000,   0.00400,
,,,0.008304000000,   0.00600,
,,,0.008308000000,   0.00660,
,,,0.008312000000,   0.00820,
,,,0.008316000000,   0.00900,
,,,0.008320000000,   0.01080,
,,,0.008324000000,   0.01200,
,,,0.008328000000,   0.01300,
,,,0.008332000000,   0.01480,
,,,0.008336000000,   0.01640,
,,,0.008340000000,   0.01700,
,,,0.008344000000,   0.01620,
,,,0.008348000000,   0.01420,
,,,0.008352000000,   0.01200,
,,,0.008356000000,   0.01000,
,,,0.008360000000,   0.00840,
,,,0.008364000000,   0.00680,
,,,0.008368000000,   0.00600,
,,,0.008372000000,   0.00440,
,,,0.008376000000,   0.00400,
,,,0.008380000000,   0.00340,
,,,0.008384000000,   0.00220,
,,,0.008388000000,   0.00280,
,,,0.008392000000,   0.00300,
,,,0.008396000000,   0.00200,
,,,0.008400000000,   0.00120,
,,,0.008404000000,   0.00120,
,,,0.008408000000,   0.00160,
,,,0.008412000000,   0.00140,
,,,0.008416000000,   0.00060,
,,,0.008420000000,   0.00060,
,,,0.008424000000,   0.00080,
,,,0.008428000000,   0.00060,
,,,0.008432000000,   0.00080,
,,,0.008436000000,   0.00100,
,,,0.008440000000,   0.00060,
,,,0.008444000000,   0.00080,
,,,0.008448000000,   0.00060,
,,,0.008452000000,   0.00060,
,,,0.008456000000,   0.00060,
,,,0.008460000000,  -0.00020,
,,,0.008464000000,  -0.00020,
,,,0.008468000000,   0.00040,
,,,0.008472000000,   0.00040,
,,,0.008476000000,   0.00000,
,,,0.008480000000,   0.00020,
,,,0.008484000000,   0.00040,
,,,0.008488000000,   0.00000,
,,,0.008492000000,   0.00000,
,,,0.008496000000,   0.00080,
,,,0.008500000000,   0.00100,
,,,0.008504000000,   0.00000,
,,,0.008508000000,   0.00000,
,,,0.008512000000,  -0.00040,
,,,0.008516000000,   0.00080,
,,,0.008520000000,   0.00020,
,,,0.008524000000,   0.00020,
,,,0.008528000000,   0.00020,
,,,0.008532000000,   0.00000,
,,,0.008536000000,   0.00060,
,,,0.008540000000,   0.00060,
,,,0.008544000000,   0.00020,
,,,0.008548000000,   0.00060,
,,,0.008552000000,   0.00020,
,,,0.008556000000,   0.00040,
,,,0.008560000000,   0.00040,
,,,0.008564000000,   0.00020,
,,,0.008568000000,   0.00040,
,,,0.008572000000,   0.00040,
,,,0.008576000000,   0.00000,
,,,0.008580000000,   0.00060,
,,,0.008584000000,   0.00000,
,,,0.008588000000,   0.00000,
,,,0.008592000000,  -0.00020,
,,,0.008596000000,   0.00000,
,,,0.008600000000,   0.00040,
,,,0.008604000000,   0.00000,
,,,0.008608000000,   0.00080,
,,,0.008612000000,   0.00020,
,,,0.008616000000,   0.00060,
,,,0.008620000000,   0.00060,
,,,0.008624000000,   0.00040,
,,,0.008628000000,   0.00000,
,,,0.008632000000,   0.00040,
,,,0.008636000000,  -0.00040,
,,,0.008640000000,   0.00000,
,,,0.008644000000,  -0.00020,
,,,0.008648000000,  -0.00020,
,,,0.008652000000,   0.00060,
,,,0.008656000000,   0.00040,
,,,0.008660000000,   0.00060,
,,,0.008664000000,   0.00020,
,,,0.008668000000,   0.00080,
,,,0.008672000000,   0.00000,
,,,0.008676000000,   0.00060,
,,,0.008680000000,  -0.00020,
,,,0.008684000000,   0.00060,
,,,0.008688000000,   0.00020,
,,,0.008692000000,   0.00000,
,,,0.008696000000,   0.00000,
,,,0.008700000000,   0.00020,
,,,0.008704000000,  -0.00020,
,,,0.008708000000,   0.00080,
,,,0.008712000000,   0.00000,
,,,0.008716000000,   0.00020,
,,,0.008720000000,   0.00040,
,,,0.008724000000,   0.00000,
,,,0.008728000000,   0.00020,
,,,0.008732000000,   0.00060,
,,,0.008736000000,   0.00000,
,,,0.008740000000,   0.00000,
,,,0.008744000000,   0.00080,
,,,0.008748000000,  -0.00020,
,,,0.008752000000,   0.00000,
,,,0.008756000000,   0.00000,
,,,0.008760000000,   0.00020,
,,,0.008764000000,   0.00040,
,,,0.008768000000,   0.00000,
,,,0.008772000000,   0.00060,
,,,0.008776000000,   0.00060,
,,,0.008780000000,   0.00100,
,,,0.008784000000,   0.00040,
,,,0.008788000000,   0.00060,
,,,0.008792000000,   0.00060,
,,,0.008796000000,   0.00040,
,,,0.008800000000,   0.00020,
,,,0.008804000000,   0.00040,
,,,0.008808000000,  -0.00020,
,,,0.008812000000,   0.00000,
,,,0.008816000000,   0.00060,
,,,0.008820000000,   0.00060,
,,,0.008824000000,   0.00060,
,,,0.008828000000,  -0.00060,
,,,0.008832000000,   0.00020,
,,,0.008836000000,   0.00000,
,,,0.008840000000,   0.00060,
,,,0.008844000000,   0.00020,
,,,0.008848000000,   0.00040,
,,,0.008852000000,   0.00020,
,,,0.008856000000,   0.00040,
,,,0.008860000000,   0.00040,
,,,0.008864000000,   0.00040,
,,,0.008868000000,   0.00060,
,,,0.008872000000,   0.00100,
,,,0.008876000000,   0.00040,
,,,0.008880000000,   0.00000,
,,,0.008884000000,   0.00080,
,,,0.008888000000,  -0.00020,
,,,0.008892000000,   0.00060,
,,,0.008896000000,   0.00040,
,,,0.008900000000,   0.00020,
,,,0.008904000000,   0.00000,
,,,0.008908000000,   0.00040,
,,,0.008912000000,   0.00060,
,,,0.008916000000,   0.00040,
,,,0.008920000000,   0.00060,
,,,0.008924000000,   0.00000,
,,,0.008928000000,   0.00020,
,,,0.008932000000,   0.00060,
,,,0.008936000000,   0.00160,
,,,0.008940000000,   0.00080,
,,,0.008944000000,   0.00100,
,,,0.008948000000,   0.00160,
,,,0.008952000000,   0.00220,
,,,0.008956000000,   0.00260,
,,,0.008960000000,   0.00320,
,,,0.008964000000,   0.00440,
,,,0.008968000000,   0.00520,
,,,0.008972000000,   0.00620,
,,,0.008976000000,   0.00780,
,,,0.008980000000,   0.00920,
,,,0.008984000000,   0.01040,
,,,0.008988000000,   0.01140,
,,,0.008992000000,   0.01300,
,,,0.008996000000,   0.01520,
,,,0.009000000000,   0.01660,
,,,0.009004000000,   0.01720,
,,,0.009008000000,   0.01580,
,,,0.009012000000,   0.01340,
,,,0.009016000000,   0.01160,
,,,0.009020000000,   0.01000,
,,,0.009024000000,   0.00860,
,,,0.009028000000,   0.00700,
,,,0.009032000000,   0.00620,
,,,0.009036000000,   0.00480,
,,,0.009040000000,   0.00420,
,,,0.009044000000,   0.00280,
,,,0.009048000000,   0.00300,
,,,0.009052000000,   0.00220,
,,,0.009056000000,   0.00180,
,,,0.009060000000,   0.00140,
,,,0.009064000000,   0.00140,
,,,0.009068000000,   0.00100,
,,,0.009072000000,   0.00120,
,,,0.009076000000,   0.00100,
,,,0.009080000000,   0.00100,
,,,0.009084000000,   0.00040,
,,,0.009088000000,   0.00020,
,,,0.009092000000,   0.00020,
,,,0.009096000000,  -0.00020,
,,,0.009100000000,   0.00020,
,,,0.009104000000,   0.00040,
,,,0.009108000000,   0.00040,
,,,0.009112000000,   0.00040,
,,,0.009116000000,   0.00020,
,,,0.009120000000,   0.00040,
,,,0.009124000000,   0.00000,
,,,0.009128000000,   0.00040,
,,,0.009132000000,   0.00000,
,,,0.009136000000,  -0.00020,
,,,0.009140000000,  -0.00020,
,,,0.009144000000,   0.00020,
,,,0.009148000000,   0.00040,
,,,0.009152000000,   0.00060,
,,,0.009156000000,  -0.00020,
,,,0.009160000000,   0.00040,
,,,0.009164000000,  -0.00040,
,,,0.009168000000,   0.00000,
,,,0.009172000000,   0.00080,
,,,0.009176000000,   0.00040,
,,,0.009180000000,   0.00000,
,,,0.009184000000,   0.00040,
,,,0.009188000000,  -0.00020,
,,,0.009192000000,   0.00040,
,,,0.009196000000,   0.00060,
,,,0.009200000000,   0.00020,
,,,0.009204000000,   0.00000,
,,,0.009208000000,   0.00000,
,,,0.009212000000,   0.00020,
,,,0.009216000000,   0.00020,
,,,0.009220000000,   0.00000,
,,,0.009224000000,   0.00000,
,,,0.009228000000,   0.00000,
,,,0.009232000000,   0.00000,
,,,0.009236000000,  -0.00020,
,,,0.009240000000,   0.00000,
,,,0.009244000000,   0.00000,
,,,0.009248000000,   0.00040,
,,,0.009252000000,   0.00040,
,,,0.009256000000,   0.00020,
,,,0.009260000000,   0.00000,
,,,0.009264000000,  -0.00020,
,,,0.009268000000,   0.00080,
,,,0.009272000000,   0.00060,
,,,0.009276000000,   0.00040,
,,,0.009280000000,   0.00060,
,,,0.009284000000,   0.00060,
,,,0.009288000000,   0.00040,
,,,0.009292000000,   0.00080,
,,,0.009296000000,   0.00080,
,,,0.009300000000,   0.00060,
,,,0.009304000000,   0.00040,
,,,0.009308000000,  -0.00040,
,,,0.009312000000,   0.00060,
,,,0.009316000000,   0.00000,
,,,0.009320000000,   0.00060,
,,,0.009324000000,   0.00060,
,,,0.009328000000,   0.00040,
,,,0.009332000000,   0.00080,
,,,0.009336000000,   0.00060,
,,,0.009340000000,   0.00040,
,,,0.009344000000,  -0.00020,
,,,0.009348000000,   0.00060,
,,,0.009352000000,   0.00060,
,,,0.009356000000,   0.00040,
,,,0.009360000000,   0.00040,
,,,0.009364000000,   0.00040,
,,,0.009368000000,   0.00000,
,,,0.009372000000,   0.00000,
,,,0.009376000000,   0.00000,
,,,0.009380000000,   0.00040,
,,,0.009384000000,   0.00040,
,,,0.009388000000,   0.00000,
,,,0.009392000000,   0.00060,
,,,0.009396000000,   0.00000,
,,,0.009400000000,   0.00000,
,,,0.009404000000,  -0.00040,
,,,0.009408000000,   0.00020,
,,,0.009412000000,   0.00000,
,,,0.009416000000,   0.00060,
,,,0.009420000000,  -0.00020,
,,,0.009424000000,   0.00060,
,,,0.009428000000,   0.00020,
,,,0.009432000000,   0.00000,
,,,0.009436000000,   0.00040,
,,,0.009440000000,   0.00000,
,,,0.009444000000,  -0.00040,
,,,0.009448000000,   0.00020,
,,,0.009452000000,   0.00080,
,,,0.009456000000,   0.00020,
,,,0.009460000000,  -0.00040,
,,,0.009464000000,  -0.00080,
,,,0.009468000000,   0.00000,
,,,0.009472000000,   0.00020,
,,,0.009476000000,   0.00040,
,,,0.009480000000,   0.00040,
,,,0.009484000000,   0.00060,
,,,0.009488000000,   0.00080,
,,,0.009492000000,   0.00020,
,,,0.009496000000,   0.00020,
,,,0.009500000000,   0.00020,
,,,0.009504000000,   0.00000,
,,,0.009508000000,   0.00000,
,,,0.009512000000,  -0.00060,
,,,0.009516000000,   0.00060,
,,,0.009520000000,   0.00060,
,,,0.009524000000,   0.00000,
,,,0.009528000000,   0.00000,
,,,0.009532000000,   0.00000,
,,,0.009536000000,   0.00040,
,,,0.009540000000,   0.00060,
,,,0.009544000000,  -0.00040,
,,,0.009548000000,   0.00020,
,,,0.009552000000,   0.00000,
,,,0.009556000000,  -0.00040,
,,,0.009560000000,  -0.00040,
,,,0.009564000000,   0.00040,
,,,0.009568000000,   0.00100,
,,,0.009572000000,   0.00040,
,,,0.009576000000,   0.00040,
,,,0.009580000000,   0.00060,
,,,0.009584000000,   0.00000,
,,,0.009588000000,   0.00040,
,,,0.009592000000,   0.00080,
,,,0.009596000000,   0.00080,
,,,0.009600000000,   0.00120,
,,,0.009604000000,   0.00220,
,,,0.009608000000,   0.00220,
,,,0.009612000000,   0.00320,
,,,0.009616000000,   0.00340,
,,,0.009620000000,   0.00460,
,,,0.009624000000,   0.00620,
,,,0.009628000000,   0.00680,
,,,0.009632000000,   0.00820,
,,,0.009636000000,   0.00940,
,,,0.009640000000,   0.01120,
,,,0.009644000000,   0.01180,
,,,0.009648000000,   0.01440,
,,,0.009652000000,   0.01540,
,,,0.009656000000,   0.01600,
,,,0.009660000000,   0.01640,
,,,0.009664000000,   0.01540,
,,,0.009668000000,   0.01380,
,,,0.009672000000,   0.01140,
,,,0.009676000000,   0.01000,
,,,0.009680000000,   0.00840,
,,,0.009684000000,   0.00720,
,,,0.009688000000,   0.00600,
,,,0.009692000000,   0.00460,
,,,0.009696000000,   0.00360,
,,,0.009700000000,   0.00340,
,,,0.009704000000,   0.00300,
,,,0.009708000000,   0.00220,
,,,0.009712000000,   0.00200,
,,,0.009716000000,   0.00140,
,,,0.009720000000,   0.00080,
,,,0.009724000000,   0.00100,
,,,0.009728000000,   0.00140,
,,,0.009732000000,   0.00020,
,,,0.009736000000,   0.00080,
,,,0.009740000000,   0.00040,
,,,0.009744000000,   0.00040,
,,,0.009748000000,   0.00040,
,,,0.009752000000,   0.00040,
,,,0.009756000000,   0.00060,
,,,0.009760000000,  -0.00020,
,,,0.009764000000,   0.00060,
,,,0.009768000000,   0.00040,
,,,0.009772000000,   0.00060,
,,,0.009776000000,   0.00000,
,,,0.009780000000,   0.00000,
,,,0.009784000000,   0.00060,
,,,0.009788000000,  -0.00040,
,,,0.009792000000,  -0.00040,
,,,0.009796000000,   0.00020,
,,,0.009800000000,   0.00020,
,,,0.009804000000,   0.00000,
,,,0.009808000000,   0.00040,
,,,0.009812000000,   0.00000,
,,,0.009816000000,   0.00000,
,,,0.009820000000,   0.00040,
,,,0.009824000000,   0.00000,
,,,0.009828000000,  -0.00040,
,,,0.009832000000,   0.00060,
,,,0.009836000000,   0.00080,
,,,0.009840000000,   0.00060,
,,,0.009844000000,   0.00040,
,,,0.009848000000,   0.00000,
,,,0.009852000000,   0.00020,
,,,0.009856000000,   0.00000,
,,,0.009860000000,   0.00060,
,,,0.009864000000,   0.00040,
,,,0.009868000000,   0.00080,
,,,0.009872000000,   0.00000,
,,,0.009876000000,  -0.00020,
,,,0.009880000000,   0.00040,
,,,0.009884000000,   0.00000,
,,,0.009888000000,   0.00040,
,,,0.009892000000,   0.00060,
,,,0.009896000000,   0.00060,
,,,0.009900000000,   0.00060,
,,,0.009904000000,   0.00020,
,,,0.009908000000,   0.00000,
,,,0.009912000000,   0.00000,
,,,0.009916000000,   0.00080,
,,,0.009920000000,   0.00020,
,,,0.009924000000,   0.00020,
,,,0.009928000000,   0.00020,
,,,0.009932000000,   0.00040,
,,,0.009936000000,   0.00000,
,,,0.009940000000,  -0.00020,
,,,0.009944000000,   0.00000,
,,,0.009948000000,  -0.00060,
,,,0.009952000000,   0.00000,
,,,0.009956000000,   0.00020,
,,,0.009960000000,   0.00060,
,,,0.009964000000,   0.00100,
,,,0.009968000000,   0.00060,
,,,0.009972000000,  -0.00020,
,,,0.009976000000,   0.00060,
,,,0.009980000000,   0.00060,
,,,0.009984000000,   0.00100,
,,,0.009988000000,   0.00000,
,,,0.009992000000,   0.00080,
,,,0.009996000000,   0.00040,
,,,0.010000000000,   0.00020,
,,,0.010004000000,   0.00020,
,,,0.010008000000,   0.00080,
,,,0.010012000000,   0.00040,
,,,0.010016000000,   0.00020,
,,,0.010020000000,   0.00020,
,,,0.010024000000,  -0.00020,
,,,0.010028000000,   0.00040,
,,,0.010032000000,   0.00060,
,,,0.010036000000,   0.00020,
,,,0.010040000000,   0.00000,
,,,0.010044000000,   0.00020,
,,,0.010048000000,  -0.00040,
,,,0.010052000000,   0.00000,
,,,0.010056000000,   0.00040,
,,,0.010060000000,   0.00000,
,,,0.010064000000,   0.00040,
,,,0.010068000000,   0.00040,
,,,0.010072000000,   0.00020,
,,,0.010076000000,  -0.00020,
,,,0.010080000000,  -0.00040,
,,,0.010084000000,   0.00000,
,,,0.010088000000,   0.00060,
,,,0.010092000000,  -0.00020,
,,,0.010096000000,   0.00000,
,,,0.010100000000,   0.00020,
,,,0.010104000000,   0.00040,
,,,0.010108000000,   0.00020,
,,,0.010112000000,   0.00040,
,,,0.010116000000,   0.00040,
,,,0.010120000000,   0.00040,
,,,0.010124000000,   0.00020,
,,,0.010128000000,   0.00100,
,,,0.010132000000,   0.00000,
,,,0.010136000000,   0.00060,
,,,0.010140000000,   0.00000,
,,,0.010144000000,   0.00020,
,,,0.010148000000,   0.00040,
,,,0.010152000000,   0.00000,
,,,0.010156000000,   0.00060,
,,,0.010160000000,  -0.00020,
,,,0.010164000000,   0.00040,
,,,0.010168000000,   0.00000,
,,,0.010172000000,   0.00040,
,,,0.010176000000,   0.00040,
,,,0.010180000000,  -0.00020,
,,,0.010184000000,   0.00040,
,,,0.010188000000,   0.00040,
,,,0.010192000000,   0.00040,
,,,0.010196000000,   0.00060,
,,,0.010200000000,  -0.00020,
,,,0.010204000000,   0.00040,
,,,0.010208000000,   0.00060,
,,,0.010212000000,   0.00080,
,,,0.010216000000,   0.00040,
,,,0.010220000000,   0.00000,
,,,0.010224000000,   0.00000,
,,,0.010228000000,   0.00080,
,,,0.010232000000,   0.00040,
,,,0.010236000000,   0.00080,
,,,0.010240000000,   0.00020,
,,,0.010244000000,   0.00020,
,,,0.010248000000,   0.00100,
,,,0.010252000000,   0.00140,
,,,0.010256000000,   0.00120,
,,,0.010260000000,   0.00240,
,,,0.010264000000,   0.00240,
,,,0.010268000000,   0.00340,
,,,0.010272000000,   0.00420,
,,,0.010276000000,   0.00500,
,,,0.010280000000,   0.00540,
,,,0.010284000000,   0.00700,
,,,0.010288000000,   0.00840,
,,,0.010292000000,   0.01060,
,,,0.010296000000,   0.01140,
,,,0.010300000000,   0.01260,
,,,0.010304000000,   0.01400,
,,,0.010308000000,   0.01560,
,,,0.010312000000,   0.01680,
,,,0.010316000000,   0.01660,
,,,0.010320000000,   0.01460,
,,,0.010324000000,   0.01280,
,,,0.010328000000,   0.01100,
,,,0.010332000000,   0.00960,
,,,0.010336000000,   0.00800,
,,,0.010340000000,   0.00620,
,,,0.010344000000,   0.00580,
,,,0.010348000000,   0.00480,
,,,0.010352000000,   0.00340,
,,,0.010356000000,   0.00280,
,,,0.010360000000,   0.00300,
,,,0.010364000000,   0.00200,
,,,0.010368000000,   0.00180,
,,,0.010372000000,   0.00140,
,,,0.010376000000,   0.00100,
,,,0.010380000000,   0.00060,
,,,0.010384000000,   0.00080,
,,,0.010388000000,   0.00040,
,,,0.010392000000,   0.00060,
,,,0.010396000000,   0.00120,
,,,0.010400000000,   0.00100,
,,,0.010404000000,   0.00040,
,,,0.010408000000,   0.00080,
,,,0.010412000000,   0.00060,
,,,0.010416000000,   0.00060,
,,,0.010420000000,   0.00100,
,,,0.010424000000,   0.00080,
,,,0.010428000000,   0.00040,
,,,0.010432000000,   0.00000,
,,,0.010436000000,   0.00040,
,,,0.010440000000,   0.00040,
,,,0.010444000000,   0.00040,
,,,0.010448000000,   0.00040,
,,,0.010452000000,   0.00060,
,,,0.010456000000,   0.00040,
,,,0.010460000000,   0.00020,
,,,0.010464000000,   0.00040,
,,,0.010468000000,   0.00000,
,,,0.010472000000,   0.00020,
,,,0.010476000000,   0.00060,
,,,0.010480000000,   0.00060,
,,,0.010484000000,   0.00060,
,,,0.010488000000,   0.00020,
,,,0.010492000000,  -0.00020,
,,,0.010496000000,   0.00040,
,,,0.010500000000,   0.00060,
,,,0.010504000000,   0.00000,
,,,0.010508000000,   0.00020,
,,,0.010512000000,  -0.00020,
,,,0.010516000000,   0.00000,
,,,0.010520000000,   0.00040,
,,,0.010524000000,   0.00000,
,,,0.010528000000,  -0.00040,
,,,0.010532000000,   0.00020,
,,,0.010536000000,   0.00000,
,,,0.010540000000,   0.00000,
,,,0.010544000000,  -0.00040,
,,,0.010548000000,   0.00040,
,,,0.010552000000,   0.00020,
,,,0.010556000000,  -0.00020,
,,,0.010560000000,   0.00060,
,,,0.010564000000,  -0.00020,
,,,0.010568000000,   0.00020,
,,,0.010572000000,   0.00060,
,,,0.010576000000,   0.00000,
,,,0.010580000000,   0.00020,
,,,0.010584000000,   0.00020,
,,,0.010588000000,   0.00040,
,,,0.010592000000,   0.00060,
,,,0.010596000000,   0.00000,
,,,0.010600000000,   0.00060,
,,,0.010604000000,   0.00000,
,,,0.010608000000,  -0.00100,
,,,0.010612000000,   0.00020,
,,,0.010616000000,   0.00040,
,,,0.010620000000,   0.00060,
,,,0.010624000000,   0.00020,
,,,0.010628000000,  -0.00020,
,,,0.010632000000,   0.00060,
,,,0.010636000000,   0.00040,
,,,0.010640000000,   0.00020,
,,,0.010644000000,   0.00040,
,,,0.010648000000,   0.00040,
,,,0.010652000000,   0.00000,
,,,0.010656000000,   0.00000,
,,,0.010660000000,   0.00060,
,,,0.010664000000,  -0.00020,
,,,0.010668000000,   0.00000,
,,,0.010672000000,   0.00000,
,,,0.010676000000,   0.00080,
,,,0.010680000000,   0.00020,
,,,0.010684000000,   0.00020,
,,,0.010688000000,   0.00000,
,,,0.010692000000,   0.00060,
,,,0.010696000000,  -0.00020,
,,,0.010700000000,   0.00020,
,,,0.010704000000,   0.00040,
,,,0.010708000000,   0.00040,
,,,0.010712000000,   0.00000,
,,,0.010716000000,   0.00040,
,,,0.010720000000,   0.00060,
,,,0.010724000000,   0.00060,
,,,0.010728000000,   0.00060,
,,,0.010732000000,  -0.00020,
,,,0.010736000000,   0.00040,
,,,0.010740000000,   0.00040,
,,,0.010744000000,   0.00040,
,,,0.010748000000,   0.00020,
,,,0.010752000000,   0.00040,
,,,0.010756000000,   0.00000,
,,,0.010760000000,  -0.00020,
,,,0.010764000000,   0.00040,
,,,0.010768000000,   0.00000,
,,,0.010772000000,   0.00040,
,,,0.010776000000,  -0.00020,
,,,0.010780000000,   0.00040,
,,,0.010784000000,   0.00000,
,,,0.010788000000,   0.00020,
,,,0.010792000000,   0.00040,
,,,0.010796000000,  -0.00080,
,,,0.010800000000,  -0.00020,
,,,0.010804000000,   0.00100,
,,,0.010808000000,   0.00000,
,,,0.010812000000,   0.00060,
,,,0.010816000000,  -0.00040,
,,,0.010820000000,   0.00040,
,,,0.010824000000,   0.00040,
,,,0.010828000000,   0.00040,
,,,0.010832000000,   0.00040,
,,,0.010836000000,   0.00060,
,,,0.010840000000,   0.00040,
,,,0.010844000000,   0.00040,
,,,0.010848000000,   0.00040,
,,,0.010852000000,   0.00040,
,,,0.010856000000,   0.00040,
,,,0.010860000000,   0.00000,
,,,0.010864000000,   0.00000,
,,,0.010868000000,   0.00040,
,,,0.010872000000,   0.00020,
,,,0.010876000000,   0.00120,
,,,0.010880000000,   0.00120,
,,,0.010884000000,   0.00040,
,,,0.010888000000,   0.00060,
,,,0.010892000000,   0.00040,
,,,0.010896000000,   0.00080,
,,,0.010900000000,   0.00160,
,,,0.010904000000,   0.00120,
,,,0.010908000000,   0.00140,
,,,0.010912000000,   0.00200,
,,,0.010916000000,   0.00260,
,,,0.010920000000,   0.00300,
,,,0.010924000000,   0.00380,
,,,0.010928000000,   0.00520,
,,,0.010932000000,   0.00640,
,,,0.010936000000,   0.00820,
,,,0.010940000000,   0.00920,
,,,0.010944000000,   0.01140,
,,,0.010948000000,   0.01180,
,,,0.010952000000,   0.01360,
,,,0.010956000000,   0.01520,
,,,0.010960000000,   0.01760,
,,,0.010964000000,   0.01780,
,,,0.010968000000,   0.01780,
,,,0.010972000000,   0.01660,
,,,0.010976000000,   0.01420,
,,,0.010980000000,   0.01240,
,,,0.010984000000,   0.00960,
,,,0.010988000000,   0.00860,
,,,0.010992000000,   0.00720,
,,,0.010996000000,   0.00640,
,,,0.011000000000,   0.00460,
,,,0.011004000000,   0.00440,
,,,0.011008000000,   0.00340,
,,,0.011012000000,   0.00200,
,,,0.011016000000,   0.00220,
,,,0.011020000000,   0.00220,
,,,0.011024000000,   0.00180,
,,,0.011028000000,   0.00180,
,,,0.011032000000,   0.00120,
,,,0.011036000000,   0.00100,
,,,0.011040000000,   0.00060,
,,,0.011044000000,   0.00080,
,,,0.011048000000,   0.00100,
,,,0.011052000000,   0.00080,
,,,0.011056000000,   0.00080,
,,,0.011060000000,   0.00040,
,,,0.011064000000,   0.00060,
,,,0.011068000000,   0.00100,
,,,0.011072000000,   0.00060,
,,,0.011076000000,   0.00040,
,,,0.011080000000,   0.00060,
,,,0.011084000000,   0.00000,
,,,0.011088000000,   0.00020,
,,,0.011092000000,   0.00040,
,,,0.011096000000,   0.00040,
,,,0.011100000000,   0.00100,
,,,0.011104000000,   0.00040,
,,,0.011108000000,   0.00040,
,,,0.011112000000,   0.00000,
,,,0.011116000000,   0.00060,
,,,0.011120000000,   0.00040,
,,,0.011124000000,   0.00040,
,,,0.011128000000,  -0.00040,
,,,0.011132000000,   0.00040,
,,,0.011136000000,   0.00000,
,,,0.011140000000,   0.00060,
,,,0.011144000000,   0.00040,
,,,0.011148000000,   0.00120,
,,,0.011152000000,  -0.00020,
,,,0.011156000000,   0.00060,
,,,0.011160000000,   0.00080,
,,,0.011164000000,   0.00060,
,,,0.011168000000,   0.00040,
,,,0.011172000000,   0.00000,
,,,0.011176000000,   0.00020,
,,,0.011180000000,   0.00060,
,,,0.011184000000,   0.00020,
,,,0.011188000000,   0.00020,
,,,0.011192000000,   0.00060,
,,,0.011196000000,   0.00040,
,,,0.011200000000,   0.00040,
,,,0.011204000000,   0.00060,
,,,0.011208000000,   0.00040,
,,,0.011212000000,   0.00060,
,,,0.011216000000,   0.00040,
,,,0.011220000000,   0.00020,
,,,0.011224000000,   0.00060,
,,,0.011228000000,   0.00020,
,,,0.011232000000,   0.00080,
,,,0.011236000000,   0.00020,
,,,0.011240000000,   0.00080,
,,,0.011244000000,   0.00040,
,,,0.011248000000,   0.00000,
,,,0.011252000000,   0.00040,
,,,0.011256000000,  -0.00040,
,,,0.011260000000,   0.00080,
,,,0.011264000000,   0.00040,
,,,0.011268000000,   0.00020,
,,,0.011272000000,   0.00040,
,,,0.011276000000,   0.00040,
,,,0.011280000000,   0.00080,
,,,0.011284000000,   0.00000,
,,,0.011288000000,   0.00020,
,,,0.011292000000,   0.00000,
,,,0.011296000000,   0.00020,
,,,0.011300000000,   0.00060,
,,,0.011304000000,   0.00020,
,,,0.011308000000,   0.00000,
,,,0.011312000000,   0.00020,
,,,0.011316000000,   0.00040,
,,,0.011320000000,  -0.00040,
,,,0.011324000000,   0.00020,
,,,0.011328000000,  -0.00040,
,,,0.011332000000,   0.00060,
,,,0.011336000000,   0.00000,
,,,0.011340000000,   0.00020,
,,,0.011344000000,   0.00020,
,,,0.011348000000,   0.00000,
,,,0.011352000000,   0.00040,
,,,0.011356000000,   0.00000,
,,,0.011360000000,  -0.00020,
,,,0.011364000000,  -0.00020,
,,,0.011368000000,   0.00060,
,,,0.011372000000,   0.00080,
,,,0.011376000000,   0.00040,
,,,0.011380000000,   0.00000,
,,,0.011384000000,   0.00020,
,,,0.011388000000,   0.00000,
,,,0.011392000000,  -0.00020,
,,,0.011396000000,   0.00060,
,,,0.011400000000,   0.00060,
,,,0.011404000000,   0.00040,
,,,0.011408000000,  -0.00020,
,,,0.011412000000,  -0.00040,
,,,0.011416000000,  -0.00040,
,,,0.011420000000,   0.00040,
,,,0.011424000000,   0.00040,
,,,0.011428000000,   0.00020,
,,,0.011432000000,   0.00000,
,,,0.011436000000,  -0.00020,
,,,0.011440000000,   0.00020,
,,,0.011444000000,   0.00020,
,,,0.011448000000,   0.00020,
,,,0.011452000000,   0.00080,
,,,0.011456000000,   0.00040,
,,,0.011460000000,   0.00040,
,,,0.011464000000,   0.00000,
,,,0.011468000000,   0.00080,
,,,0.011472000000,  -0.00020,
,,,0.011476000000,   0.00000,
,,,0.011480000000,   0.00060,
,,,0.011484000000,   0.00020,
,,,0.011488000000,   0.00040,
,,,0.011492000000,   0.00040,
,,,0.011496000000,   0.00020,
,,,0.011500000000,   0.00020,
,,,0.011504000000,   0.00040,
,,,0.011508000000,   0.00040,
,,,0.011512000000,   0.00060,
,,,0.011516000000,   0.00040,
,,,0.011520000000,  -0.00020,
,,,0.011524000000,   0.00000,
,,,0.011528000000,   0.00020,
,,,0.011532000000,   0.00060,
,,,0.011536000000,   0.00020,
,,,0.011540000000,   0.00040,
,,,0.011544000000,   0.00000,
,,,0.011548000000,   0.00120,
,,,0.011552000000,   0.00040,
,,,0.011556000000,   0.00120,
,,,0.011560000000,   0.00040,
,,,0.011564000000,   0.00040,
,,,0.011568000000,   0.00040,
,,,0.011572000000,   0.00080,
,,,0.011576000000,   0.00000,
,,,0.011580000000,   0.00020,
,,,0.011584000000,   0.00020,
,,,0.011588000000,   0.00080,
,,,0.011592000000,   0.00080,
,,,0.011596000000,   0.00120,
,,,0.011600000000,   0.00220,
,,,0.011604000000,   0.00280,
,,,0.011608000000,   0.00440,
,,,0.011612000000,   0.00520,
,,,0.011616000000,   0.00580,
,,,0.011620000000,   0.00780,
,,,0.011624000000,   0.00880,
,,,0.011628000000,   0.01020,
,,,0.011632000000,   0.01220,
,,,0.011636000000,   0.01300,
,,,0.011640000000,   0.01340,
,,,0.011644000000,   0.01640,
,,,0.011648000000,   0.01780,
,,,0.011652000000,   0.01940,
,,,0.011656000000,   0.01920,
,,,0.011660000000,   0.01620,
,,,0.011664000000,   0.01400,
,,,0.011668000000,   0.01220,
,,,0.011672000000,   0.01000,
,,,0.011676000000,   0.00800,
,,,0.011680000000,   0.00640,
,,,0.011684000000,   0.00520,
,,,0.011688000000,   0.00400,
,,,0.011692000000,   0.00400,
,,,0.011696000000,   0.00300,
,,,0.011700000000,   0.00260,
,,,0.011704000000,   0.00220,
,,,0.011708000000,   0.00200,
,,,0.011712000000,   0.00100,
,,,0.011716000000,   0.00120,
,,,0.011720000000,   0.00060,
,,,0.011724000000,   0.00120,
,,,0.011728000000,   0.00060,
,,,0.011732000000,   0.00080,
,,,0.011736000000,   0.00080,
,,,0.011740000000,   0.00020,
,,,0.011744000000,   0.00080,
,,,0.011748000000,   0.00080,
,,,0.011752000000,   0.00020,
,,,0.011756000000,   0.00060,
,,,0.011760000000,   0.00060,
,,,0.011764000000,   0.00060,
,,,0.011768000000,   0.00020,
,,,0.011772000000,   0.00060,
,,,0.011776000000,   0.00000,
,,,0.011780000000,   0.00060,
,,,0.011784000000,   0.00040,
,,,0.011788000000,   0.00000,
,,,0.011792000000,   0.00020,
,,,0.011796000000,   0.00080,
,,,0.011800000000,   0.00020,
,,,0.011804000000,   0.00040,
,,,0.011808000000,   0.00000,
,,,0.011812000000,   0.00040,
,,,0.011816000000,   0.00040,
,,,0.011820000000,   0.00020,
,,,0.011824000000,   0.00020,
,,,0.011828000000,   0.00040,
,,,0.011832000000,   0.00000,
,,,0.011836000000,   0.00020,
,,,0.011840000000,   0.00040,
,,,0.011844000000,   0.00040,
,,,0.011848000000,   0.00000,
,,,0.011852000000,   0.00000,
,,,0.011856000000,   0.00000,
,,,0.011860000000,   0.00040,
,,,0.011864000000,   0.00000,
,,,0.011868000000,   0.00040,
,,,0.011872000000,  -0.00020,
,,,0.011876000000,   0.00040,
,,,0.011880000000,   0.00000,
,,,0.011884000000,   0.00040,
,,,0.011888000000,  -0.00040,
,,,0.011892000000,   0.00040,
,,,0.011896000000,   0.00060,
,,,0.011900000000,   0.00060,
,,,0.011904000000,  -0.00020,
,,,0.011908000000,   0.00020,
,,,0.011912000000,   0.00020,
,,,0.011916000000,  -0.00020,
,,,0.011920000000,  -0.00040,
,,,0.011924000000,   0.00040,
,,,0.011928000000,   0.00040,
,,,0.011932000000,   0.00040,
,,,0.011936000000,   0.00060,
,,,0.011940000000,   0.00060,
,,,0.011944000000,   0.00020,
,,,0.011948000000,   0.00060,
,,,0.011952000000,   0.00040,
,,,0.011956000000,   0.00040,
,,,0.011960000000,   0.00040,
,,,0.011964000000,   0.00060,
,,,0.011968000000,   0.00000,
,,,0.011972000000,   0.00040,
,,,0.011976000000,  -0.00020,
,,,0.011980000000,  -0.00040,
,,,0.011984000000,   0.00040,
,,,0.011988000000,   0.00000,
,,,0.011992000000,   0.00020,
,,,0.011996000000,   0.00020,
,,,0.012000000000,   0.00040,
,,,0.012004000000,   0.00060,
,,,0.012008000000,   0.00040,
,,,0.012012000000,   0.00080,
,,,0.012016000000,   0.00000,
,,,0.012020000000,   0.00020,
,,,0.012024000000,   0.00060,
,,,0.012028000000,   0.00040,
,,,0.012032000000,   0.00040,
,,,0.012036000000,  -0.00020,
,,,0.012040000000,   0.00000,
,,,0.012044000000,   0.00020,
,,,0.012048000000,   0.00060,
,,,0.012052000000,   0.00040,
,,,0.012056000000,   0.00040,
,,,0.012060000000,   0.00060,
,,,0.012064000000,   0.00020,
,,,0.012068000000,   0.00020,
,,,0.012072000000,   0.00040,
,,,0.012076000000,   0.00060,
,,,0.012080000000,   0.00040,
,,,0.012084000000,  -0.00020,
,,,0.012088000000,   0.00000,
,,,0.012092000000,  -0.00020,
,,,0.012096000000,   0.00040,
,,,0.012100000000,   0.00040,
,,,0.012104000000,   0.00000,
,,,0.012108000000,  -0.00060,
,,,0.012112000000,   0.00020,
,,,0.012116000000,   0.00060,
,,,0.012120000000,   0.00000,
,,,0.012124000000,   0.00040,
,,,0.012128000000,   0.00000,
,,,0.012132000000,   0.00000,
,,,0.012136000000,  -0.00020,
,,,0.012140000000,  -0.00060,
,,,0.012144000000,   0.00000,
,,,0.012148000000,   0.00000,
,,,0.012152000000,  -0.00020,
,,,0.012156000000,   0.00000,
,,,0.012160000000,   0.00000,
,,,0.012164000000,   0.00040,
,,,0.012168000000,   0.00100,
,,,0.012172000000,   0.00000,
,,,0.012176000000,   0.00000,
,,,0.012180000000,   0.00040,
,,,0.012184000000,   0.00000,
,,,0.012188000000,   0.00060,
,,,0.012192000000,   0.00120,
,,,0.012196000000,   0.00080,
,,,0.012200000000,   0.00020,
,,,0.012204000000,   0.00060,
,,,0.012208000000,   0.00020,
,,,0.012212000000,   0.00100,
,,,0.012216000000,   0.00060,
,,,0.012220000000,   0.00020,
,,,0.012224000000,   0.00020,
,,,0.012228000000,   0.00000,
,,,0.012232000000,   0.00060,
,,,0.012236000000,   0.00020,
,,,0.012240000000,   0.00020,
,,,0.012244000000,   0.00040,
,,,0.012248000000,   0.00040,
,,,0.012252000000,   0.00040,
,,,0.012256000000,   0.00000,
,,,0.012260000000,   0.00000,
,,,0.012264000000,   0.00120,
,,,0.012268000000,   0.00020,
,,,0.012272000000,   0.00060,
,,,0.012276000000,   0.00100,
,,,0.012280000000,   0.00020,
,,,0.012284000000,   0.00160,
,,,0.012288000000,   0.00120,
,,,0.012292000000,   0.00240,
,,,0.012296000000,   0.00260,
,,,0.012300000000,   0.00300,
,,,0.012304000000,   0.00460,
,,,0.012308000000,   0.00500,
,,,0.012312000000,   0.00640,
,,,0.012316000000,   0.00700,
,,,0.012320000000,   0.00900,
,,,0.012324000000,   0.01060,
,,,0.012328000000,   0.01220,
,,,0.012332000000,   0.01340,
,,,0.012336000000,   0.01500,
,,,0.012340000000,   0.01640,
,,,0.012344000000,   0.01840,
,,,0.012348000000,   0.02120,
,,,0.012352000000,   0.02020,
,,,0.012356000000,   0.01740,
,,,0.012360000000,   0.01420,
,,,0.012364000000,   0.01200,
,,,0.012368000000,   0.01000,
,,,0.012372000000,   0.00840,
,,,0.012376000000,   0.00740,
,,,0.012380000000,   0.00520,
,,,0.012384000000,   0.00560,
,,,0.012388000000,   0.00400,
,,,0.012392000000,   0.00340,
,,,0.012396000000,   0.00300,
,,,0.012400000000,   0.00220,
,,,0.012404000000,   0.00260,
,,,0.012408000000,   0.00160,
,,,0.012412000000,   0.00120,
,,,0.012416000000,   0.00120,
,,,0.012420000000,   0.00100,
,,,0.012424000000,   0.00080,
,,,0.012428000000,   0.00080,
,,,0.012432000000,   0.00040,
,,,0.012436000000,   0.00020,
,,,0.012440000000,   0.00080,
,,,0.012444000000,   0.00080,
,,,0.012448000000,   0.00100,
,,,0.012452000000,  -0.00020,
,,,0.012456000000,  -0.00020,
,,,0.012460000000,   0.00080,
,,,0.012464000000,   0.00020,
,,,0.012468000000,   0.00040,
,,,0.012472000000,   0.00020,
,,,0.012476000000,   0.00040,
,,,0.012480000000,   0.00020,
,,,0.012484000000,  -0.00040,
,,,0.012488000000,   0.00040,
,,,0.012492000000,   0.00040,
,,,0.012496000000,  -0.00040,
,,,0.012500000000,   0.00020,
,,,0.012504000000,   0.00020,
,,,0.012508000000,   0.00040,
,,,0.012512000000,   0.00000,
,,,0.012516000000,   0.00020,
,,,0.012520000000,   0.00060,
,,,0.012524000000,   0.00040,
,,,0.012528000000,   0.00060,
,,,0.012532000000,   0.00060,
,,,0.012536000000,   0.00020,
,,,0.012540000000,   0.00020,
,,,0.012544000000,   0.00020,
,,,0.012548000000,  -0.00020,
,,,0.012552000000,   0.00060,
,,,0.012556000000,   0.00020,
,,,0.012560000000,   0.00040,
,,,0.012564000000,   0.00000,
,,,0.012568000000,   0.00120,
,,,0.012572000000,   0.00040,
,,,0.012576000000,   0.00020,
,,,0.012580000000,   0.00000,
,,,0.012584000000,   0.00040,
,,,0.012588000000,   0.00000,
,,,0.012592000000,   0.00040,
,,,0.012596000000,  -0.00060,
,,,0.012600000000,   0.00040,
,,,0.012604000000,   0.00020,
,,,0.012608000000,   0.00020,
,,,0.012612000000,   0.00020,
,,,0.012616000000,  -0.00040,
,,,0.012620000000,   0.00000,
,,,0.012624000000,   0.00040,
,,,0.012628000000,   0.00020,
,,,0.012632000000,   0.00040,
,,,0.012636000000,   0.00020,
,,,0.012640000000,   0.00040,
,,,0.012644000000,  -0.00020,
,,,0.012648000000,   0.00120,
,,,0.012652000000,   0.00000,
,,,0.012656000000,   0.00000,
,,,0.012660000000,   0.00020,
,,,0.012664000000,   0.00060,
,,,0.012668000000,   0.00040,
,,,0.012672000000,  -0.00020,
,,,0.012676000000,   0.00000,
,,,0.012680000000,   0.00000,
,,,0.012684000000,   0.00060,
,,,0.012688000000,  -0.00020,
,,,0.012692000000,   0.00060,
,,,0.012696000000,   0.00020,
,,,0.012700000000,   0.00040,
,,,0.012704000000,   0.00060,
,,,0.012708000000,  -0.00020,
,,,0.012712000000,  -0.00020,
,,,0.012716000000,   0.00060,
,,,0.012720000000,   0.00000,
,,,0.012724000000,   0.00000,
,,,0.012728000000,  -0.00020,
,,,0.012732000000,   0.00040,
,,,0.012736000000,   0.00000,
,,,0.012740000000,   0.00060,
,,,0.012744000000,   0.00080,
,,,0.012748000000,   0.00040,
,,,0.012752000000,   0.00000,
,,,0.012756000000,   0.00040,
,,,0.012760000000,   0.00020,
,,,0.012764000000,  -0.00020,
,,,0.012768000000,   0.00040,
,,,0.012772000000,   0.00060,
,,,0.012776000000,   0.00000,
,,,0.012780000000,   0.00060,
,,,0.012784000000,   0.00020,
,,,0.012788000000,  -0.00020,
,,,0.012792000000,   0.00060,
,,,0.012796000000,   0.00000,
,,,0.012800000000,   0.00040,
,,,0.012804000000,   0.00020,
,,,0.012808000000,  -0.00020,
,,,0.012812000000,   0.00060,
,,,0.012816000000,  -0.00020,
,,,0.012820000000,   0.00040,
,,,0.012824000000,   0.00000,
,,,0.012828000000,  -0.00040,
,,,0.012832000000,  -0.00020,
,,,0.012836000000,   0.00080,
,,,0.012840000000,   0.00020,
,,,0.012844000000,   0.00060,
,,,0.012848000000,   0.00060,
,,,0.012852000000,  -0.00020,
,,,0.012856000000,   0.00040,
,,,0.012860000000,   0.00060,
,,,0.012864000000,  -0.00020,
,,,0.012868000000,   0.00020,
,,,0.012872000000,  -0.00020,
,,,0.012876000000,   0.00020,
,,,0.012880000000,   0.00100,
,,,0.012884000000,   0.00040,
,,,0.012888000000,   0.00060,
,,,0.012892000000,   0.00060,
,,,0.012896000000,   0.00060,
,,,0.012900000000,   0.00040,
,,,0.012904000000,   0.00040,
,,,0.012908000000,   0.00040,
,,,0.012912000000,  -0.00040,
,,,0.012916000000,  -0.00020,
,,,0.012920000000,   0.00040,
,,,0.012924000000,   0.00060,
,,,0.012928000000,   0.00020,
,,,0.012932000000,   0.00000,
,,,0.012936000000,   0.00080,
,,,0.012940000000,   0.00040,
,,,0.012944000000,   0.00000,
,,,0.012948000000,   0.00040,
,,,0.012952000000,   0.00040,
,,,0.012956000000,   0.00080,
,,,0.012960000000,   0.00000,
,,,0.012964000000,   0.00060,
,,,0.012968000000,   0.00100,
,,,0.012972000000,   0.00060,
,,,0.012976000000,   0.00060,
,,,0.012980000000,   0.00100,
,,,0.012984000000,   0.00100,
,,,0.012988000000,   0.00200,
,,,0.012992000000,   0.00360,
,,,0.012996000000,   0.00400,
,,,0.013000000000,   0.00460,
,,,0.013004000000,   0.00620,
,,,0.013008000000,   0.00760,
,,,0.013012000000,   0.00900,
,,,0.013016000000,   0.01080,
,,,0.013020000000,   0.01200,
,,,0.013024000000,   0.01360,
,,,0.013028000000,   0.01460,
,,,0.013032000000,   0.01660,
,,,0.013036000000,   0.01940,
,,,0.013040000000,   0.02080,
,,,0.013044000000,   0.01980,
,,,0.013048000000,   0.01580,
,,,0.013052000000,   0.01300,
,,,0.013056000000,   0.01080,
,,,0.013060000000,   0.00900,
,,,0.013064000000,   0.00820,
,,,0.013068000000,   0.00720,
,,,0.013072000000,   0.00540,
,,,0.013076000000,   0.00440,
,,,0.013080000000,   0.00380,
,,,0.013084000000,   0.00300,
,,,0.013088000000,   0.00300,
,,,0.013092000000,   0.00180,
,,,0.013096000000,   0.00200,
,,,0.013100000000,   0.00180,
,,,0.013104000000,   0.00100,
,,,0.013108000000,   0.00120,
,,,0.013112000000,   0.00060,
,,,0.013116000000,   0.00120,
,,,0.013120000000,   0.00060,
,,,0.013124000000,   0.00060,
,,,0.013128000000,   0.00060,
,,,0.013132000000,   0.00100,
,,,0.013136000000,   0.00000,
,,,0.013140000000,   0.00040,
,,,0.013144000000,   0.00040,
,,,0.013148000000,   0.00120,
,,,0.013152000000,   0.00060,
,,,0.013156000000,   0.00080,
,,,0.013160000000,   0.00060,
,,,0.013164000000,  -0.00020,
,,,0.013168000000,   0.00040,
,,,0.013172000000,   0.00040,
,,,0.013176000000,   0.00000,
,,,0.013180000000,   0.00020,
,,,0.013184000000,   0.00040,
,,,0.013188000000,   0.00000,
,,,0.013192000000,   0.00040,
,,,0.013196000000,   0.00000,
,,,0.013200000000,   0.00040,
,,,0.013204000000,   0.00020,
,,,0.013208000000,   0.00020,
,,,0.013212000000,   0.00000,
,,,0.013216000000,   0.00000,
,,,0.013220000000,   0.00040,
,,,0.013224000000,   0.00000,
,,,0.013228000000,   0.00060,
,,,0.013232000000,   0.00040,
,,,0.013236000000,   0.00020,
,,,0.013240000000,   0.00060,
,,,0.013244000000,   0.00000,
,,,0.013248000000,   0.00000,
,,,0.013252000000,   0.00060,
,,,0.013256000000,   0.00040,
,,,0.013260000000,   0.00000,
,,,0.013264000000,   0.00000,
,,,0.013268000000,   0.00060,
,,,0.013272000000,   0.00000,
,,,0.013276000000,   0.00040,
,,,0.013280000000,   0.00000,
,,,0.013284000000,   0.00060,
,,,0.013288000000,   0.00000,
,,,0.013292000000,  -0.00020,
,,,0.013296000000,  -0.00020,
,,,0.013300000000,   0.00000,
,,,0.013304000000,   0.00020,
,,,0.013308000000,  -0.00020,
,,,0.013312000000,   0.00020,
,,,0.013316000000,   0.00040,
,,,0.013320000000,   0.00000,
,,,0.013324000000,   0.00060,
,,,0.013328000000,   0.00020,
,,,0.013332000000,   0.00040,
,,,0.013336000000,   0.00040,
,,,0.013340000000,  -0.00040,
,,,0.013344000000,   0.00040,
,,,0.013348000000,   0.00020,
,,,0.013352000000,   0.00060,
,,,0.013356000000,  -0.00020,
,,,0.013360000000,   0.00020,
,,,0.013364000000,   0.00020,
,,,0.013368000000,   0.00080,
,,,0.013372000000,   0.00040,
,,,0.013376000000,   0.00060,
,,,0.013380000000,   0.00020,
,,,0.013384000000,   0.00040,
,,,0.013388000000,   0.00000,
,,,0.013392000000,   0.00000,
,,,0.013396000000,   0.00040,
,,,0.013400000000,   0.00020,
,,,0.013404000000,  -0.00040,
,,,0.013408000000,   0.00040,
,,,0.013412000000,  -0.00020,
,,,0.013416000000,   0.00020,
,,,0.013420000000,   0.00100,
,,,0.013424000000,   0.00020,
,,,0.013428000000,   0.00040,
,,,0.013432000000,   0.00020,
,,,0.013436000000,  -0.00040,
,,,0.013440000000,   0.00060,
,,,0.013444000000,   0.00040,
,,,0.013448000000,   0.00000,
,,,0.013452000000,   0.00020,
,,,0.013456000000,   0.00000,
,,,0.013460000000,   0.00040,
,,,0.013464000000,  -0.00020,
,,,0.013468000000,   0.00000,
,,,0.013472000000,  -0.00020,
,,,0.013476000000,  -0.00040,
,,,0.013480000000,   0.00020,
,,,0.013484000000,  -0.00060,
,,,0.013488000000,   0.00060,
,,,0.013492000000,   0.00060,
,,,0.013496000000,   0.00020,
,,,0.013500000000,  -0.00060,
,,,0.013504000000,   0.00060,
,,,0.013508000000,  -0.00020,
,,,0.013512000000,   0.00020,
,,,0.013516000000,   0.00060,
,,,0.013520000000,   0.00060,
,,,0.013524000000,   0.00000,
,,,0.013528000000,   0.00040,
,,,0.013532000000,   0.00000,
,,,0.013536000000,   0.00060,
,,,0.013540000000,   0.00040,
,,,0.013544000000,   0.00040,
,,,0.013548000000,   0.00000,
,,,0.013552000000,   0.00000,
,,,0.013556000000,   0.00040,
,,,0.013560000000,   0.00000,
,,,0.013564000000,   0.00020,
,,,0.013568000000,   0.00060,
,,,0.013572000000,   0.00080,
,,,0.013576000000,   0.00120,
,,,0.013580000000,   0.00080,
,,,0.013584000000,   0.00020,
,,,0.013588000000,   0.00100,
,,,0.013592000000,   0.00140,
,,,0.013596000000,  -0.00020,
,,,0.013600000000,   0.00000,
,,,0.013604000000,   0.00040,
,,,0.013608000000,   0.00000,
,,,0.013612000000,   0.00040,
,,,0.013616000000,   0.00020,
,,,0.013620000000,   0.00000,
,,,0.013624000000,   0.00060,
,,,0.013628000000,   0.00020,
,,,0.013632000000,   0.00000,
,,,0.013636000000,   0.00060,
,,,0.013640000000,   0.00060,
,,,0.013644000000,   0.00020,
,,,0.013648000000,   0.00060,
,,,0.013652000000,   0.00080,
,,,0.013656000000,   0.00080,
,,,0.013660000000,   0.00120,
,,,0.013664000000,   0.00060,
,,,0.013668000000,   0.00080,
,,,0.013672000000,   0.00100,
,,,0.013676000000,   0.00140,
,,,0.013680000000,   0.00200,
,,,0.013684000000,   0.00220,
,,,0.013688000000,   0.00240,
,,,0.013692000000,   0.00360,
,,,0.013696000000,   0.00460,
,,,0.013700000000,   0.00580,
,,,0.013704000000,   0.00660,
,,,0.013708000000,   0.00880,
,,,0.013712000000,   0.00980,
,,,0.013716000000,   0.01200,
,,,0.013720000000,   0.01360,
,,,0.013724000000,   0.01400,
,,,0.013728000000,   0.01660,
,,,0.013732000000,   0.01900,
,,,0.013736000000,   0.02080,
,,,0.013740000000,   0.01920,
,,,0.013744000000,   0.01700,
,,,0.013748000000,   0.01460,
,,,0.013752000000,   0.01240,
,,,0.013756000000,   0.01000,
,,,0.013760000000,   0.00880,
,,,0.013764000000,   0.00680,
,,,0.013768000000,   0.00540,
,,,0.013772000000,   0.00480,
,,,0.013776000000,   0.00400,
,,,0.013780000000,   0.00380,
,,,0.013784000000,   0.00340,
,,,0.013788000000,   0.00260,
,,,0.013792000000,   0.00200,
,,,0.013796000000,   0.00160,
,,,0.013800000000,   0.00200,
,,,0.013804000000,   0.00100,
,,,0.013808000000,   0.00120,
,,,0.013812000000,   0.00100,
,,,0.013816000000,   0.00100,
,,,0.013820000000,   0.00080,
,,,0.013824000000,   0.00060,
,,,0.013828000000,   0.00020,
,,,0.013832000000,   0.00040,
,,,0.013836000000,   0.00000,
,,,0.013840000000,   0.00060,
,,,0.013844000000,   0.00000,
,,,0.013848000000,  -0.00040,
,,,0.013852000000,   0.00020,
,,,0.013856000000,   0.00040,
,,,0.013860000000,   0.00160,
,,,0.013864000000,   0.00060,
,,,0.013868000000,   0.00060,
,,,0.013872000000,  -0.00020,
,,,0.013876000000,   0.00040,
,,,0.013880000000,   0.00060,
,,,0.013884000000,   0.00000,
,,,0.013888000000,   0.00080,
,,,0.013892000000,  -0.00040,
,,,0.013896000000,   0.00060,
,,,0.013900000000,   0.00020,
,,,0.013904000000,   0.00080,
,,,0.013908000000,   0.00040,
,,,0.013912000000,   0.00000,
,,,0.013916000000,   0.00040,
,,,0.013920000000,   0.00000,
,,,0.013924000000,   0.00060,
,,,0.013928000000,   0.00060,
,,,0.013932000000,   0.00060,
,,,0.013936000000,  -0.00020,
,,,0.013940000000,   0.00000,
,,,0.013944000000,  -0.00020,
,,,0.013948000000,  -0.00020,
,,,0.013952000000,   0.00060,
,,,0.013956000000,   0.00040,
,,,0.013960000000,   0.00040,
,,,0.013964000000,   0.00060,
,,,0.013968000000,  -0.00020,
,,,0.013972000000,  -0.00020,
,,,0.013976000000,   0.00060,
,,,0.013980000000,   0.00020,
,,,0.013984000000,   0.00020,
,,,0.013988000000,   0.00060,
,,,0.013992000000,   0.00040,
,,,0.013996000000,   0.00000,
,,,0.014000000000,   0.00020,
,,,0.014004000000,   0.00020,
,,,0.014008000000,   0.00020,
,,,0.014012000000,   0.00060,
,,,0.014016000000,   0.00040,
,,,0.014020000000,   0.00040,
,,,0.014024000000,   0.00000,
,,,0.014028000000,   0.00020,
,,,0.014032000000,   0.00000,
,,,0.014036000000,   0.00060,
,,,0.014040000000,   0.00040,
,,,0.014044000000,   0.00080,
,,,0.014048000000,   0.00020,
,,,0.014052000000,   0.00020,
,,,0.014056000000,   0.00020,
,,,0.014060000000,   0.00040,
,,,0.014064000000,   0.00000,
,,,0.014068000000,   0.00080,
,,,0.014072000000,   0.00000,
,,,0.014076000000,  -0.00020,
,,,0.014080000000,   0.00020,
,,,0.014084000000,   0.00020,
,,,0.014088000000,   0.00080,
,,,0.014092000000,   0.00020,
,,,0.014096000000,  -0.00020,
,,,0.014100000000,   0.00040,
,,,0.014104000000,   0.00000,
,,,0.014108000000,  -0.00020,
,,,0.014112000000,   0.00000,
,,,0.014116000000,  -0.00040,
,,,0.014120000000,   0.00040,
,,,0.014124000000,   0.00040,
,,,0.014128000000,   0.00060,
,,,0.014132000000,  -0.00020,
,,,0.014136000000,   0.00100,
,,,0.014140000000,   0.00020,
,,,0.014144000000,   0.00020,
,,,0.014148000000,   0.00000,
,,,0.014152000000,   0.00040,
,,,0.014156000000,   0.00020,
,,,0.014160000000,   0.00060,
,,,0.014164000000,   0.00060,
,,,0.014168000000,   0.00060,
,,,0.014172000000,   0.00040,
,,,0.014176000000,   0.00040,
,,,0.014180000000,   0.00000,
,,,0.014184000000,   0.00060,
,,,0.014188000000,   0.00060,
,,,0.014192000000,   0.00040,
,,,0.014196000000,   0.00040,
,,,0.014200000000,   0.00060,
,,,0.014204000000,  -0.00040,
,,,0.014208000000,   0.00100,
,,,0.014212000000,   0.00000,
,,,0.014216000000,   0.00020,
,,,0.014220000000,   0.00040,
,,,0.014224000000,   0.00020,
,,,0.014228000000,  -0.00020,
,,,0.014232000000,   0.00000,
,,,0.014236000000,  -0.00020,
,,,0.014240000000,  -0.00020,
,,,0.014244000000,   0.00000,
,,,0.014248000000,   0.00100,
,,,0.014252000000,   0.00040,
,,,0.014256000000,   0.00040,
,,,0.014260000000,   0.00120,
,,,0.014264000000,   0.00020,
,,,0.014268000000,   0.00000,
,,,0.014272000000,   0.00080,
,,,0.014276000000,   0.00040,
,,,0.014280000000,   0.00040,
,,,0.014284000000,   0.00000,
,,,0.014288000000,   0.00040,
,,,0.014292000000,   0.00080,
,,,0.014296000000,   0.00020,
,,,0.014300000000,   0.00040,
,,,0.014304000000,   0.00060,
,,,0.014308000000,   0.00060,
,,,0.014312000000,  -0.00020,
,,,0.014316000000,   0.00040,
,,,0.014320000000,  -0.00020,
,,,0.014324000000,   0.00060,
,,,0.014328000000,   0.00000,
,,,0.014332000000,   0.00020,
,,,0.014336000000,   0.00060,
,,,0.014340000000,   0.00040,
,,,0.014344000000,   0.00000,
,,,0.014348000000,   0.00040,
,,,0.014352000000,   0.00060,
,,,0.014356000000,   0.00060,
,,,0.014360000000,   0.00040,
,,,0.014364000000,   0.00040,
,,,0.014368000000,   0.00080,
,,,0.014372000000,   0.00140,
,,,0.014376000000,   0.00140,
,,,0.014380000000,   0.00280,
,,,0.014384000000,   0.00320,
,,,0.014388000000,   0.00360,
,,,0.014392000000,   0.00480,
,,,0.014396000000,   0.00640,
,,,0.014400000000,   0.00800,
,,,0.014404000000,   0.00900,
,,,0.014408000000,   0.01040,
,,,0.014412000000,   0.01160,
,,,0.014416000000,   0.01340,
,,,0.014420000000,   0.01500,
,,,0.014424000000,   0.01600,
,,,0.014428000000,   0.01820,
,,,0.014432000000,   0.02040,
,,,0.014436000000,   0.02000,
,,,0.014440000000,   0.01740,
,,,0.014444000000,   0.01500,
,,,0.014448000000,   0.01200,
,,,0.014452000000,   0.01040,
,,,0.014456000000,   0.00820,
,,,0.014460000000,   0.00720,
,,,0.014464000000,   0.00620,
,,,0.014468000000,   0.00540,
,,,0.014472000000,   0.00400,
,,,0.014476000000,   0.00300,
,,,0.014480000000,   0.00340,
,,,0.014484000000,   0.00260,
,,,0.014488000000,   0.00280,
,,,0.014492000000,   0.00180,
,,,0.014496000000,   0.00160,
,,,0.014500000000,   0.00240,
,,,0.014504000000,   0.00100,
,,,0.014508000000,   0.00060,
,,,0.014512000000,   0.00100,
,,,0.014516000000,   0.00000,
,,,0.014520000000,   0.00100,
,,,0.014524000000,   0.00120,
,,,0.014528000000,   0.00020,
,,,0.014532000000,   0.00020,
,,,0.014536000000,   0.00060,
,,,0.014540000000,   0.00040,
,,,0.014544000000,   0.00020,
,,,0.014548000000,   0.00000,
,,,0.014552000000,  -0.00020,
,,,0.014556000000,   0.00020,
,,,0.014560000000,   0.00060,
,,,0.014564000000,   0.00020,
,,,0.014568000000,   0.00040,
,,,0.014572000000,   0.00020,
,,,0.014576000000,   0.00000,
,,,0.014580000000,   0.00040,
,,,0.014584000000,   0.00000,
,,,0.014588000000,   0.00000,
,,,0.014592000000,   0.00000,
,,,0.014596000000,   0.00060,
,,,0.014600000000,  -0.00020,
,,,0.014604000000,   0.00000,
,,,0.014608000000,   0.00020,
,,,0.014612000000,   0.00000,
,,,0.014616000000,   0.00040,
,,,0.014620000000,   0.00000,
,,,0.014624000000,   0.00000,
,,,0.014628000000,  -0.00040,
,,,0.014632000000,   0.00040,
,,,0.014636000000,   0.00000,
,,,0.014640000000,   0.00000,
,,,0.014644000000,   0.00060,
,,,0.014648000000,   0.00000,
,,,0.014652000000,   0.00000,
,,,0.014656000000,   0.00040,
,,,0.014660000000,   0.00000,
,,,0.014664000000,   0.00080,
,,,0.014668000000,   0.00060,
,,,0.014672000000,   0.00060,
,,,0.014676000000,   0.00060,
,,,0.014680000000,   0.00040,
,,,0.014684000000,  -0.00020,
,,,0.014688000000,   0.00020,
,,,0.014692000000,   0.00040,
,,,0.014696000000,   0.00040,
,,,0.014700000000,   0.00020,
,,,0.014704000000,   0.00000,
,,,0.014708000000,   0.00020,
,,,0.014712000000,   0.00060,
,,,0.014716000000,   0.00040,
,,,0.014720000000,   0.00020,
,,,0.014724000000,  -0.00040,
,,,0.014728000000,   0.00020,
,,,0.014732000000,   0.00040,
,,,0.014736000000,   0.00060,
,,,0.014740000000,   0.00020,
,,,0.014744000000,   0.00000,
,,,0.014748000000,   0.00000,
,,,0.014752000000,   0.00100,
,,,0.014756000000,   0.00040,
,,,0.014760000000,   0.00000,
,,,0.014764000000,   0.00000,
,,,0.014768000000,  -0.00060,
,,,0.014772000000,   0.00040,
,,,0.014776000000,   0.00020,
,,,0.014780000000,   0.00040,
,,,0.014784000000,   0.00080,
,,,0.014788000000,   0.00060,
,,,0.014792000000,   0.00000,
,,,0.014796000000,   0.00040,
,,,0.014800000000,   0.00040,
,,,0.014804000000,   0.00000,
,,,0.014808000000,   0.00000,
,,,0.014812000000,   0.00000,
,,,0.014816000000,   0.00040,
,,,0.014820000000,  -0.00020,
,,,0.014824000000,   0.00060,
,,,0.014828000000,   0.00000,
,,,0.014832000000,   0.00060,
,,,0.014836000000,   0.00000,
,,,0.014840000000,   0.00000,
,,,0.014844000000,   0.00040,
,,,0.014848000000,  -0.00020,
,,,0.014852000000,  -0.00020,
,,,0.014856000000,   0.00060,
,,,0.014860000000,   0.00020,
,,,0.014864000000,  -0.00020,
,,,0.014868000000,   0.00040,
,,,0.014872000000,   0.00000,
,,,0.014876000000,  -0.00040,
,,,0.014880000000,   0.00000,
,,,0.014884000000,   0.00000,
,,,0.014888000000,   0.00040,
,,,0.014892000000,   0.00000,
,,,0.014896000000,   0.00040,
,,,0.014900000000,   0.00100,
,,,0.014904000000,   0.00000,
,,,0.014908000000,  -0.00020,
,,,0.014912000000,   0.00000,
,,,0.014916000000,   0.00060,
,,,0.014920000000,   0.00040,
,,,0.014924000000,  -0.00040,
,,,0.014928000000,   0.00040,
,,,0.014932000000,   0.00000,
,,,0.014936000000,   0.00020,
,,,0.014940000000,  -0.00040,
,,,0.014944000000,   0.00000,
,,,0.014948000000,   0.00040,
,,,0.014952000000,   0.00000,
,,,0.014956000000,   0.00040,
,,,0.014960000000,   0.00060,
,,,0.014964000000,   0.00020,
,,,0.014968000000,   0.00040,
,,,0.014972000000,   0.00020,
,,,0.014976000000,   0.00000,
,,,0.014980000000,   0.00080,
,,,0.014984000000,   0.00100,
,,,0.014988000000,   0.00040,
,,,0.014992000000,   0.00040,
,,,0.014996000000,   0.00020,
,,,0.015000000000,   0.00000,
,,,0.015004000000,   0.00040,
,,,0.015008000000,   0.00060,
,,,0.015012000000,  -0.00020,
,,,0.015016000000,   0.00020,
,,,0.015020000000,   0.00040,
,,,0.015024000000,   0.00040,
,,,0.015028000000,   0.00060,
,,,0.015032000000,   0.00020,
,,,0.015036000000,   0.00000,
,,,0.015040000000,   0.00060,
,,,0.015044000000,   0.00060,
,,,0.015048000000,   0.00020,
,,,0.015052000000,   0.00040,
,,,0.015056000000,   0.00080,
,,,0.015060000000,   0.00040,
,,,0.015064000000,   0.00100,
,,,0.015068000000,   0.00160,
,,,0.015072000000,   0.00100,
,,,0.015076000000,   0.00180,
,,,0.015080000000,   0.00160,
,,,0.015084000000,   0.00260,
,,,0.015088000000,   0.00380,
,,,0.015092000000,   0.00520,
,,,0.015096000000,   0.00660,
,,,0.015100000000,   0.00800,
,,,0.015104000000,   0.00920,
,,,0.015108000000,   0.01120,
,,,0.015112000000,   0.01260,
,,,0.015116000000,   0.01420,
,,,0.015120000000,   0.01560,
,,,0.015124000000,   0.01760,
,,,0.015128000000,   0.02080,
,,,0.015132000000,   0.02120,
,,,0.015136000000,   0.01840,
,,,0.015140000000,   0.01520,
,,,0.015144000000,   0.01340,
,,,0.015148000000,   0.01080,
,,,0.015152000000,   0.00840,
,,,0.015156000000,   0.00740,
,,,0.015160000000,   0.00580,
,,,0.015164000000,   0.00520,
,,,0.015168000000,   0.00440,
,,,0.015172000000,   0.00360,
,,,0.015176000000,   0.00280,
,,,0.015180000000,   0.00240,
,,,0.015184000000,   0.00240,
,,,0.015188000000,   0.00180,
,,,0.015192000000,   0.00220,
,,,0.015196000000,   0.00120,
,,,0.015200000000,   0.00160,
,,,0.015204000000,   0.00100,
,,,0.015208000000,   0.00140,
,,,0.015212000000,   0.00060,
,,,0.015216000000,   0.00080,
,,,0.015220000000,   0.00020,
,,,0.015224000000,   0.00080,
,,,0.015228000000,   0.00120,
,,,0.015232000000,   0.00100,
,,,0.015236000000,   0.00060,
,,,0.015240000000,   0.00060,
,,,0.015244000000,   0.00020,
,,,0.015248000000,   0.00020,
,,,0.015252000000,   0.00020,
,,,0.015256000000,   0.00040,
,,,0.015260000000,   0.00040,
,,,0.015264000000,   0.00000,
,,,0.015268000000,   0.00020,
,,,0.015272000000,   0.00000,
,,,0.015276000000,   0.00040,
,,,0.015280000000,   0.00040,
,,,0.015284000000,  -0.00020,
,,,0.015288000000,   0.00000,
,,,0.015292000000,   0.00000,
,,,0.015296000000,   0.00060,
,,,0.015300000000,   0.00020,
,,,0.015304000000,   0.00040,
,,,0.015308000000,   0.00000,
,,,0.015312000000,   0.00000,
,,,0.015316000000,   0.00040,
,,,0.015320000000,   0.00040,
,,,0.015324000000,  -0.00020,
,,,0.015328000000,   0.00000,
,,,0.015332000000,   0.00040,
,,,0.015336000000,   0.00000,
,,,0.015340000000,   0.00000,
,,,0.015344000000,   0.00060,
,,,0.015348000000,   0.00080,
,,,0.015352000000,   0.00100,
,,,0.015356000000,   0.00000,
,,,0.015360000000,   0.00000,
,,,0.015364000000,   0.00020,
,,,0.015368000000,   0.00060,
,,,0.015372000000,   0.00020,
,,,0.015376000000,   0.00040,
,,,0.015380000000,   0.00000,
,,,0.015384000000,   0.00020,
,,,0.015388000000,  -0.00020,
,,,0.015392000000,   0.00000,
,,,0.015396000000,   0.00020,
,,,0.015400000000,   0.00060,
,,,0.015404000000,   0.00040,
,,,0.015408000000,   0.00000,
,,,0.015412000000,   0.00060,
,,,0.015416000000,   0.00040,
,,,0.015420000000,   0.00040,
,,,0.015424000000,   0.00000,
,,,0.015428000000,   0.00000,
,,,0.015432000000,   0.00000,
,,,0.015436000000,  -0.00060,
,,,0.015440000000,   0.00060,
,,,0.015444000000,  -0.00040,
,,,0.015448000000,   0.00000,
,,,0.015452000000,   0.00060,
,,,0.015456000000,   0.00040,
,,,0.015460000000,   0.00020,
,,,0.015464000000,   0.00040,
,,,0.015468000000,   0.00020,
,,,0.015472000000,   0.00000,
,,,0.015476000000,   0.00040,
,,,0.015480000000,   0.00040,
,,,0.015484000000,   0.00060,
,,,0.015488000000,   0.00020,
,,,0.015492000000,   0.00000,
,,,0.015496000000,   0.00000,
,,,0.015500000000,  -0.00020,
,,,0.015504000000,   0.00020,
,,,0.015508000000,   0.00040,
,,,0.015512000000,  -0.00020,
,,,0.015516000000,   0.00020,
,,,0.015520000000,   0.00040,
,,,0.015524000000,   0.00000,
,,,0.015528000000,   0.00020,
,,,0.015532000000,  -0.00020,
,,,0.015536000000,   0.00060,
,,,0.015540000000,   0.00060,
,,,0.015544000000,  -0.00040,
,,,0.015548000000,   0.00000,
,,,0.015552000000,   0.00040,
,,,0.015556000000,   0.00020,
,,,0.015560000000,   0.00040,
,,,0.015564000000,  -0.00060,
,,,0.015568000000,  -0.00020,
,,,0.015572000000,   0.00020,
,,,0.015576000000,   0.00020,
,,,0.015580000000,   0.00000,
,,,0.015584000000,   0.00040,
,,,0.015588000000,   0.00080,
,,,0.015592000000,   0.00000,
,,,0.015596000000,   0.00040,
,,,0.015600000000,   0.00000,
,,,0.015604000000,   0.00060,
,,,0.015608000000,  -0.00040,
,,,0.015612000000,   0.00060,
,,,0.015616000000,   0.00040,
,,,0.015620000000,   0.00020,
,,,0.015624000000,   0.00020,
,,,0.015628000000,   0.00060,
,,,0.015632000000,   0.00040,
,,,0.015636000000,   0.00040,
,,,0.015640000000,   0.00040,
,,,0.015644000000,   0.00040,
,,,0.015648000000,   0.00000,
,,,0.015652000000,   0.00060,
,,,0.015656000000,   0.00060,
,,,0.015660000000,   0.00060,
,,,0.015664000000,   0.00060,
,,,0.015668000000,   0.00040,
,,,0.015672000000,   0.00000,
,,,0.015676000000,   0.00060,
,,,0.015680000000,   0.00040,
,,,0.015684000000,   0.00060,
,,,0.015688000000,   0.00040,
,,,0.015692000000,   0.00060,
,,,0.015696000000,  -0.00040,
,,,0.015700000000,  -0.00080,
,,,0.015704000000,   0.00020,
,,,0.015708000000,  -0.00040,
,,,0.015712000000,   0.00080,
,,,0.015716000000,   0.00000,
,,,0.015720000000,   0.00040,
,,,0.015724000000,   0.00020,
,,,0.015728000000,  -0.00020,
,,,0.015732000000,   0.00020,
,,,0.015736000000,   0.00020,
,,,0.015740000000,   0.00000,
,,,0.015744000000,   0.00020,
,,,0.015748000000,   0.00060,
,,,0.015752000000,   0.00120,
,,,0.015756000000,   0.00080,
,,,0.015760000000,   0.00120,
,,,0.015764000000,   0.00060,
,,,0.015768000000,   0.00040,
,,,0.015772000000,   0.00140,
,,,0.015776000000,   0.00100,
,,,0.015780000000,   0.00140,
,,,0.015784000000,   0.00220,
,,,0.015788000000,   0.00340,
,,,0.015792000000,   0.00380,
,,,0.015796000000,   0.00460,
,,,0.015800000000,   0.00620,
,,,0.015804000000,   0.00820,
,,,0.015808000000,   0.00900,
,,,0.015812000000,   0.01100,
,,,0.015816000000,   0.01240,
,,,0.015820000000,   0.01360,
,,,0.015824000000,   0.01480,
,,,0.015828000000,   0.01720,
,,,0.015832000000,   0.01840,
,,,0.015836000000,   0.02160,
,,,0.015840000000,   0.01920,
,,,0.015844000000,   0.01680,
,,,0.015848000000,   0.01400,
,,,0.015852000000,   0.01160,
,,,0.015856000000,   0.00980,
,,,0.015860000000,   0.00800,
,,,0.015864000000,   0.00680,
,,,0.015868000000,   0.00540,
,,,0.015872000000,   0.00480,
,,,0.015876000000,   0.00420,
,,,0.015880000000,   0.00280,
,,,0.015884000000,   0.00260,
,,,0.015888000000,   0.00160,
,,,0.015892000000,   0.00120,
,,,0.015896000000,   0.00200,
,,,0.015900000000,   0.00120,
,,,0.015904000000,   0.00060,
,,,0.015908000000,   0.00140,
,,,0.015912000000,   0.00120,
,,,0.015916000000,   0.00140,
,,,0.015920000000,   0.00020,
,,,0.015924000000,   0.00100,
,,,0.015928000000,   0.00040,
,,,0.015932000000,   0.00060,
,,,0.015936000000,   0.00060,
,,,0.015940000000,   0.00020,
,,,0.015944000000,   0.00060,
,,,0.015948000000,  -0.00020,
,,,0.015952000000,   0.00060,
,,,0.015956000000,   0.00020,
,,,0.015960000000,   0.00040,
,,,0.015964000000,   0.00080,
,,,0.015968000000,   0.00060,
,,,0.015972000000,   0.00080,
,,,0.015976000000,   0.00060,
,,,0.015980000000,   0.00000,
,,,0.015984000000,   0.00040,
,,,0.015988000000,   0.00040,
,,,0.015992000000,   0.00020,
,,,0.015996000000,   0.00000,
,,,0.016000000000,   0.00060,
,,,0.016004000000,   0.00040,
,,,0.016008000000,  -0.00100,
,,,0.016012000000,  -0.00040,
,,,0.016016000000,   0.00080,
,,,0.016020000000,   0.00060,
,,,0.016024000000,   0.00040,
,,,0.016028000000,   0.00020,
,,,0.016032000000,   0.00060,
,,,0.016036000000,   0.00020,
,,,0.016040000000,  -0.00040,
,,,0.016044000000,  -0.00020,
,,,0.016048000000,   0.00040,
,,,0.016052000000,   0.00040,
,,,0.016056000000,   0.00040,
,,,0.016060000000,   0.00040,
,,,0.016064000000,   0.00060,
,,,0.016068000000,   0.00020,
,,,0.016072000000,   0.00000,
,,,0.016076000000,  -0.00040,
,,,0.016080000000,  -0.00020,
,,,0.016084000000,   0.00000,
,,,0.016088000000,   0.00060,
,,,0.016092000000,   0.00000,
,,,0.016096000000,   0.00060,
,,,0.016100000000,   0.00040,
,,,0.016104000000,   0.00000,
,,,0.016108000000,   0.00040,
,,,0.016112000000,   0.00040,
,,,0.016116000000,   0.00060,
,,,0.016120000000,   0.00000,
,,,0.016124000000,   0.00040,
,,,0.016128000000,   0.00020,
,,,0.016132000000,   0.00040,
,,,0.016136000000,   0.00040,
,,,0.016140000000,   0.00040,
,,,0.016144000000,   0.00040,
,,,0.016148000000,   0.00020,
,,,0.016152000000,   0.00020,
,,,0.016156000000,   0.00040,
,,,0.016160000000,  -0.00020,
,,,0.016164000000,   0.00020,
,,,0.016168000000,   0.00020,
,,,0.016172000000,  -0.00020,
,,,0.016176000000,   0.00020,
,,,0.016180000000,   0.00000,
,,,0.016184000000,   0.00000,
,,,0.016188000000,   0.00100,
,,,0.016192000000,   0.00020,
,,,0.016196000000,   0.00020,
,,,0.016200000000,   0.00020,
,,,0.016204000000,   0.00100,
,,,0.016208000000,   0.00020,
,,,0.016212000000,  -0.00040,
,,,0.016216000000,   0.00040,
,,,0.016220000000,   0.00040,
,,,0.016224000000,  -0.00040,
,,,0.016228000000,   0.00060,
,,,0.016232000000,   0.00040,
,,,0.016236000000,   0.00000,
,,,0.016240000000,   0.00040,
,,,0.016244000000,   0.00000,
,,,0.016248000000,   0.00020,
,,,0.016252000000,   0.00000,
,,,0.016256000000,   0.00060,
,,,0.016260000000,   0.00040,
,,,0.016264000000,   0.00060,
,,,0.016268000000,  -0.00020,
,,,0.016272000000,   0.00060,
,,,0.016276000000,   0.00020,
,,,0.016280000000,   0.00040,
,,,0.016284000000,   0.00100,
,,,0.016288000000,   0.00060,
,,,0.016292000000,   0.00020,
,,,0.016296000000,   0.00040,
,,,0.016300000000,   0.00000,
,,,0.016304000000,   0.00000,
,,,0.016308000000,   0.00040,
,,,0.016312000000,   0.00040,
,,,0.016316000000,   0.00040,
,,,0.016320000000,   0.00020,
,,,0.016324000000,  -0.00040,
,,,0.016328000000,   0.00020,
,,,0.016332000000,   0.00060,
,,,0.016336000000,  -0.00020,
,,,0.016340000000,   0.00020,
,,,0.016344000000,   0.00040,
,,,0.016348000000,   0.00000,
,,,0.016352000000,   0.00080,
,,,0.016356000000,   0.00000,
,,,0.016360000000,   0.00040,
,,,0.016364000000,   0.00040,
,,,0.016368000000,   0.00060,
,,,0.016372000000,   0.00000,
,,,0.016376000000,   0.00040,
,,,0.016380000000,   0.00080,
,,,0.016384000000,   0.00040,
,,,0.016388000000,   0.00040,
,,,0.016392000000,   0.00000,
,,,0.016396000000,   0.00040,
,,,0.016400000000,   0.00120,
,,,0.016404000000,  -0.00040,
,,,0.016408000000,   0.00040,
,,,0.016412000000,   0.00040,
,,,0.016416000000,   0.00020,
,,,0.016420000000,   0.00080,
,,,0.016424000000,   0.00020,
,,,0.016428000000,   0.00080,
,,,0.016432000000,   0.00100,
,,,0.016436000000,   0.00040,
,,,0.016440000000,   0.00080,
,,,0.016444000000,   0.00060,
,,,0.016448000000,   0.00040,
,,,0.016452000000,   0.00100,
,,,0.016456000000,   0.00020,
,,,0.016460000000,   0.00080,
,,,0.016464000000,   0.00100,
,,,0.016468000000,   0.00080,
,,,0.016472000000,   0.00080,
,,,0.016476000000,   0.00080,
,,,0.016480000000,   0.00100,
,,,0.016484000000,   0.00200,
,,,0.016488000000,   0.00160,
,,,0.016492000000,   0.00280,
,,,0.016496000000,   0.00440,
,,,0.016500000000,   0.00480,
,,,0.016504000000,   0.00640,
,,,0.016508000000,   0.00820,
,,,0.016512000000,   0.00960,
,,,0.016516000000,   0.01180,
,,,0.016520000000,   0.01240,
,,,0.016524000000,   0.01420,
,,,0.016528000000,   0.01580,
,,,0.016532000000,   0.01720,
,,,0.016536000000,   0.01860,
,,,0.016540000000,   0.02140,
,,,0.016544000000,   0.02020,
,,,0.016548000000,   0.01720,
,,,0.016552000000,   0.01420,
,,,0.016556000000,   0.01200,
,,,0.016560000000,   0.01040,
,,,0.016564000000,   0.00840,
,,,0.016568000000,   0.00740,
,,,0.016572000000,   0.00600,
,,,0.016576000000,   0.00460,
,,,0.016580000000,   0.00380,
,,,0.016584000000,   0.00380,
,,,0.016588000000,   0.00240,
,,,0.016592000000,   0.00220,
,,,0.016596000000,   0.00280,
,,,0.016600000000,   0.00180,
,,,0.016604000000,   0.00100,
,,,0.016608000000,   0.00200,
,,,0.016612000000,   0.00080,
,,,0.016616000000,   0.00140,
,,,0.016620000000,   0.00060,
,,,0.016624000000,   0.00120,
,,,0.016628000000,   0.00120,
,,,0.016632000000,   0.00140,
,,,0.016636000000,   0.00060,
,,,0.016640000000,   0.00040,
,,,0.016644000000,   0.00040,
,,,0.016648000000,   0.00040,
,,,0.016652000000,   0.00040,
,,,0.016656000000,   0.00000,
,,,0.016660000000,   0.00000,
,,,0.016664000000,   0.00040,
,,,0.016668000000,   0.00020,
,,,0.016672000000,   0.00020,
,,,0.016676000000,   0.00040,
,,,0.016680000000,   0.00000,
,,,0.016684000000,   0.00040,
,,,0.016688000000,   0.00000,
,,,0.016692000000,   0.00020,
,,,0.016696000000,   0.00060,
,,,0.016700000000,   0.00020,
,,,0.016704000000,   0.00020,
,,,0.016708000000,   0.00060,
,,,0.016712000000,   0.00040,
,,,0.016716000000,   0.00080,
,,,0.016720000000,   0.00040,
,,,0.016724000000,   0.00020,
,,,0.016728000000,   0.00020,
,,,0.016732000000,   0.00040,
,,,0.016736000000,  -0.00020,
,,,0.016740000000,   0.00040,
,,,0.016744000000,   0.00060,
,,,0.016748000000,   0.00080,
,,,0.016752000000,   0.00060,
,,,0.016756000000,   0.00060,
,,,0.016760000000,  -0.00020,
,,,0.016764000000,   0.00040,
,,,0.016768000000,   0.00020,
,,,0.016772000000,  -0.00060,
,,,0.016776000000,   0.00020,
,,,0.016780000000,   0.00000,
,,,0.016784000000,  -0.00060,
,,,0.016788000000,   0.00020,
,,,0.016792000000,   0.00040,
,,,0.016796000000,   0.00020,
,,,0.016800000000,   0.00020,
,,,0.016804000000,   0.00060,
,,,0.016808000000,   0.00060,
,,,0.016812000000,   0.00000,
,,,0.016816000000,   0.00080,
,,,0.016820000000,   0.00020,
,,,0.016824000000,   0.00020,
,,,0.016828000000,   0.00020,
,,,0.016832000000,   0.00060,
,,,0.016836000000,   0.00060,
,,,0.016840000000,   0.00020,
,,,0.016844000000,   0.00000,
,,,0.016848000000,  -0.00020,
